65 62 67 61
65 62 67 61
65 62 67 61
65 62 67 61
65 62 67 61
65 62 67 61
65 62 67 61
65 63 67 61
65 63 67 61
65 63 67 61
65 63 67 60
65 63 67 60
65 63 67 60
66 63 67 60
66 63 67 60
66 63 67 60
66 63 67 60
66 63 67 60
70 64 67 60
70 64 67 60
72 64 67 60
72 64 67 60
72 65 67 60
72 65 66 60
72 65 66 60
72 65 66 60
72 65 66 60
76 71 63 60
76 71 61 60
76 71 61 60
76 71 61 60
76 71 61 60
76 71 61 60
76 71 61 60
76 71 61 60
76 71 61 60
76 71 61 60
76 71 61 60
76 68 58 60
76 67 58 60
76 67 58 60
76 67 58 60
76 67 57 60
76 67 57 60
76 67 57 60
76 67 57 61
76 67 57 61
76 67 57 61
76 67 57 61
70 63 58 60
70 63 58 60
70 63 58 60
70 61 58 60
70 61 58 60
70 61 58 60
69 61 58 60
69 61 58 60
69 61 57 60
65 54 57 61
65 54 57 61
66 54 57 61
66 54 58 61
66 54 58 61
66 54 58 61
66 53 58 61
66 53 58 61
66 53 58 61
66 53 58 61
66 53 58 61
66 56 63 61
66 56 63 61
66 56 63 61
66 56 63 61
66 56 63 61
67 56 63 61
67 56 64 61
67 56 64 61
67 57 64 61
71 62 67 61
73 62 67 61
73 62 67 61
73 66 67 61
73 66 67 61
73 66 67 61
73 66 67 61
73 66 67 61
73 66 67 61
73 66 67 61
75 66 67 61
77 75 67 60
77 75 67 60
77 75 67 60
77 75 67 60
77 75 67 60
76 75 67 60
76 75 67 60
76 75 67 60
76 75 67 61
77 74 68 61
76 74 66 61
76 74 66 61
76 74 66 61
76 74 66 61
76 74 66 61
76 74 66 61
76 74 66 61
76 75 66 61
76 75 66 61
75 75 65 61
71 71 63 62
71 71 63 62
71 68 63 62
71 68 63 62
69 68 62 62
69 68 62 62
69 68 62 62
69 68 62 62
69 68 62 62
67 58 59 64
67 58 59 64
67 58 59 64
67 58 59 64
67 58 59 64
67 56 59 64
67 56 59 64
67 56 59 64
67 56 59 64
67 56 59 64
68 56 60 64
68 56 60 64
68 56 60 64
69 56 60 64
69 56 60 64
69 56 60 64
69 56 60 64
69 57 60 64
69 57 60 64
79 70 65 64
79 70 65 64
79 70 66 64
79 75 69 63
79 75 69 63
79 75 69 63
79 75 69 63
79 75 69 63
79 75 68 63
79 77 68 63
79 77 68 63
77 77 68 64
77 77 68 64
77 77 68 64
72 73 68 64
72 73 68 64
70 73 68 64
70 73 68 64
70 73 68 64
70 73 68 64
70 73 68 64
70 73 68 64
70 73 68 64
69 67 66 63
69 67 66 63
69 67 66 63
69 65 66 63
69 65 65 63
69 65 65 63
69 65 65 63
69 65 65 63
69 65 65 63
69 65 65 63
69 65 65 63
68 62 61 64
68 62 61 64
70 62 61 63
70 62 61 63
70 62 61 63
70 61 61 63
70 61 61 63
70 61 61 63
70 61 59 63
76 61 58 64
76 61 58 64
76 61 58 64
76 61 58 64
76 61 58 64
76 61 58 64
76 61 58 64
77 61 58 64
77 62 58 64
77 62 58 64
77 62 58 64
79 68 58 64
79 67 58 64
79 67 58 64
79 67 58 64
79 67 58 64
79 67 58 64
79 67 57 64
79 67 57 64
79 67 57 64
78 67 59 64
78 67 59 64
78 67 61 64
78 67 61 64
78 67 61 64
78 67 61 63
75 67 61 63
75 67 61 63
75 67 61 63
75 67 61 63
75 67 61 63
71 67 65 64
70 67 65 64
70 67 65 64
70 67 65 64
70 67 65 64
70 67 65 64
70 67 65 64
70 66 65 64
70 66 65 63
67 64 67 63
67 66 67 63
67 66 67 63
67 66 67 63
67 66 67 63
67 66 67 63
67 66 67 63
67 66 67 63
67 66 67 63
67 66 67 63
70 65 66 63
70 65 66 63
70 65 66 63
70 65 67 63
70 65 67 63
70 65 67 63
70 65 67 63
70 65 67 63
70 65 67 63
78 71 65 64
78 71 65 64
78 71 65 65
78 71 65 65
78 71 65 65
80 71 65 65
80 73 65 65
80 73 65 65
80 73 63 65
80 73 63 65
80 73 63 65
81 74 62 67
81 74 62 67
81 74 62 67
81 74 62 67
81 74 62 67
81 74 62 67
81 74 62 67
81 74 62 67
81 73 62 67
82 72 61 67
82 72 61 67
82 72 61 67
82 72 61 67
81 72 61 67
81 72 61 67
81 72 61 67
81 72 62 67
81 72 62 67
81 72 62 67
81 72 62 67
77 68 63 68
77 68 63 68
77 68 63 68
77 68 63 68
77 68 63 68
77 65 63 68
77 65 63 68
77 65 63 68
76 65 63 68
76 63 66 69
76 63 66 69
76 63 66 69
76 63 66 69
76 63 66 69
76 63 68 69
76 63 68 69
76 63 68 69
76 64 68 69
76 64 68 69
76 64 68 69
80 67 71 68
80 68 71 68
80 68 71 68
80 68 71 68
80 68 71 68
80 68 71 68
80 68 71 68
80 68 71 68
81 68 71 68
85 77 72 69
85 77 72 69
85 77 72 69
85 77 72 69
86 77 73 69
86 79 73 69
86 79 73 69
86 79 73 69
86 79 73 68
86 79 73 68
86 79 73 68
87 82 72 68
87 82 72 68
87 82 72 68
87 82 72 68
87 82 72 68
87 82 72 68
87 82 72 68
87 82 72 68
87 82 71 68
86 82 68 68
86 80 68 68
86 80 68 68
84 80 67 68
84 80 67 68
84 80 67 68
84 80 67 67
84 80 67 67
84 80 67 67
84 80 67 67
84 78 67 67
78 71 64 67
78 71 64 67
78 71 64 67
78 68 64 67
78 68 64 67
78 68 64 67
78 68 62 67
77 68 62 67
77 61 62 67
77 61 62 67
77 61 63 67
77 61 63 67
77 61 63 67
77 61 63 67
77 61 63 67
77 61 63 67
77 61 63 67
77 61 63 67
77 61 63 67
80 62 63 67
80 62 63 67
80 62 63 67
80 62 63 67
80 62 63 67
80 62 63 67
81 62 63 67
81 62 63 67
81 62 63 67
86 69 66 67
86 69 68 67
87 69 68 67
87 71 68 67
87 71 68 67
87 71 68 67
87 71 68 67
87 71 68 67
87 71 68 67
87 71 69 67
87 71 69 67
87 79 72 67
87 79 72 67
87 79 72 67
87 79 72 67
87 79 72 67
87 80 72 67
87 80 72 67
87 80 72 67
87 80 72 67
87 80 72 67
87 80 72 67
86 82 72 67
83 82 72 67
83 82 72 67
83 82 72 67
83 82 72 67
83 82 72 67
83 82 72 67
83 81 72 67
83 81 72 67
79 76 71 67
79 76 71 67
79 75 71 67
79 75 70 67
79 75 70 67
77 75 70 67
77 75 70 67
77 75 70 67
77 75 70 67
77 75 70 67
77 75 70 67
78 70 66 67
78 70 66 67
78 70 66 67
78 70 66 67
78 69 66 67
78 69 66 67
78 69 65 67
78 69 65 67
78 69 65 67
82 65 63 67
82 65 62 67
82 65 62 67
82 65 62 67
82 65 62 67
83 65 62 67
83 65 62 67
83 65 62 67
83 65 62 67
83 65 62 67
83 65 62 67
88 70 62 68
88 70 62 68
88 70 62 68
88 70 62 68
88 70 62 68
88 70 62 68
88 70 62 68
88 70 62 68
88 70 62 68
88 73 63 67
88 73 63 67
88 73 63 67
88 73 63 67
88 72 63 67
88 72 63 67
88 72 63 67
88 72 63 67
88 72 63 67
88 72 63 67
88 72 65 67
85 75 67 67
85 75 67 67
85 75 67 67
85 75 67 67
85 75 68 67
85 75 68 67
85 75 68 67
85 75 68 67
83 75 68 67
80 73 71 67
80 73 71 67
80 73 71 67
80 73 71 67
79 73 71 67
79 73 71 67
79 73 71 67
79 73 71 67
79 73 71 67
79 72 71 67
79 72 71 67
79 72 71 67
79 72 71 67
79 72 72 67
79 71 72 67
79 71 72 67
79 71 72 67
79 71 72 67
79 71 72 67
79 71 72 67
82 72 70 67
82 72 70 67
82 72 70 67
82 72 70 67
84 72 70 67
84 72 70 67
84 73 70 67
84 73 69 67
84 73 69 67
84 73 69 67
84 73 69 67
89 77 66 68
89 77 66 68
89 77 66 68
89 77 66 68
89 77 66 68
89 77 66 68
89 77 66 68
89 77 66 68
89 77 66 68
89 77 66 68
89 77 66 68
89 75 62 68
89 75 62 68
89 75 62 68
89 75 62 68
89 75 62 68
89 75 62 68
89 75 62 68
89 75 62 68
89 75 62 68
85 72 64 69
85 72 64 69
85 72 64 69
85 72 64 69
85 72 64 68
85 71 64 68
85 71 64 68
84 71 64 68
84 71 64 68
84 71 64 68
84 71 64 68
81 65 65 68
80 65 65 68
80 65 65 68
80 65 66 68
80 65 66 68
80 65 66 68
80 65 66 68
80 64 66 68
80 64 66 68
80 66 70 68
80 67 70 68
80 67 70 68
80 67 70 68
80 67 70 68
80 67 70 68
81 67 70 68
81 67 70 68
81 67 71 68
81 67 71 68
81 68 71 68
85 72 73 68
86 72 73 68
86 72 72 68
86 74 72 68
86 74 72 68
86 74 72 68
86 74 72 68
86 74 72 68
86 74 72 68
91 81 73 68
91 81 73 68
91 81 73 68
91 81 73 68
91 81 73 68
90 81 73 68
90 82 73 68
90 82 73 68
90 82 73 68
90 82 73 68
90 82 73 68
90 82 71 69
90 82 71 69
90 82 71 69
90 82 71 69
90 82 71 69
90 82 71 68
90 82 71 68
90 82 71 68
86 78 67 70
86 78 67 69
86 76 67 69
86 76 67 69
86 76 67 69
85 76 66 69
85 76 66 69
85 76 66 69
85 76 66 69
85 76 66 69
85 76 66 69
81 67 65 70
81 67 65 70
81 67 65 70
81 67 65 70
81 67 65 70
81 64 65 70
81 64 65 70
81 64 65 70
81 64 65 70
81 64 65 69
81 64 65 69
81 64 65 69
81 64 65 69
81 64 65 69
80 64 65 69
80 64 65 69
80 64 65 69
80 64 65 69
80 63 65 70
80 63 65 70
86 65 68 70
86 65 68 70
86 66 68 70
86 66 68 69
86 66 68 69
86 66 68 69
86 66 68 69
86 66 68 69
86 66 69 69
87 66 69 69
87 66 69 69
90 77 72 69
90 77 72 69
90 77 73 69
90 77 73 69
90 79 73 69
90 79 73 69
90 79 73 69
90 79 73 69
90 79 73 69
90 82 74 69
90 82 74 69
90 82 74 69
90 82 74 69
90 82 74 69
90 82 74 69
90 82 74 69
90 83 74 69
89 83 74 69
89 83 74 69
89 83 74 69
85 80 74 70
85 80 74 70
85 80 74 70
83 80 74 70
83 80 74 70
83 80 74 69
83 80 74 69
83 80 74 69
83 80 74 69
81 74 71 70
81 74 71 70
81 74 71 70
81 74 71 70
81 72 71 70
81 72 70 70
81 72 70 70
81 72 70 70
81 72 70 70
81 72 70 70
81 72 70 70
81 68 66 71
81 68 66 71
82 68 66 71
82 68 66 71
82 68 66 70
82 68 66 70
82 68 66 70
82 68 66 70
82 68 66 70
87 68 66 71
87 68 66 71
87 68 66 71
87 68 66 71
87 68 65 71
87 68 65 71
87 68 65 71
88 68 65 71
88 68 65 71
88 69 65 71
88 69 65 71
91 75 65 71
91 75 65 71
91 75 65 71
91 75 65 71
91 75 65 71
91 75 65 71
91 75 65 71
91 75 66 71
91 75 69 71
91 75 69 71
91 75 69 71
91 75 69 71
91 75 69 71
91 75 69 71
91 76 69 71
85 76 73 71
85 76 73 71
84 76 73 70
84 76 73 70
84 76 73 70
84 76 73 70
84 76 74 70
84 76 74 70
84 77 74 70
84 77 74 70
84 77 74 70
81 74 73 71
81 74 74 71
81 74 74 71
81 74 74 71
81 74 74 71
81 74 74 71
81 74 74 71
81 74 74 71
81 74 74 71
82 73 74 71
82 73 74 71
82 73 74 71
82 73 74 71
82 73 74 71
82 73 73 71
82 73 73 71
82 73 73 71
82 73 73 71
82 73 73 71
82 73 73 72
88 76 70 72
88 76 70 72
88 76 70 72
88 76 70 72
88 76 70 72
89 76 70 72
89 76 70 72
89 77 70 72
89 77 70 72
91 79 67 73
91 78 67 73
91 78 67 73
91 78 67 73
91 78 66 73
91 78 66 73
91 78 66 73
91 78 66 73
91 78 66 73
91 78 66 73
91 77 66 73
90 76 66 73
90 76 66 73
90 76 66 73
90 76 66 73
89 76 66 73
89 76 66 73
89 76 66 73
89 76 66 73
89 76 66 73
84 72 67 73
84 72 67 73
84 72 67 73
84 72 67 73
84 72 67 73
84 72 67 73
84 70 67 73
84 70 67 72
84 70 67 72
83 70 67 72
83 70 67 72
81 68 71 72
81 68 71 72
81 68 71 72
81 68 71 72
82 68 71 72
82 68 71 72
82 68 72 72
82 68 72 72
82 68 72 72
83 73 75 72
83 73 75 72
83 73 75 72
83 73 75 72
83 73 75 72
83 73 75 72
83 73 75 72
83 73 75 72
84 73 75 72
84 73 75 72
84 73 75 72
88 78 76 72
88 78 76 73
88 78 76 73
88 78 76 73
88 80 75 73
88 80 75 73
88 80 75 73
88 80 75 73
90 85 75 73
90 85 75 73
90 85 75 73
90 85 75 73
90 85 75 73
90 85 75 73
90 85 75 73
90 85 75 73
90 84 75 73
90 84 74 73
90 84 74 73
79 67 68 73
79 67 68 73
79 67 68 73
78 67 67 73
78 67 67 73
78 67 67 73
78 67 67 73
78 68 67 73
78 68 67 74
78 68 67 74
78 68 67 74
78 68 69 74
78 68 69 74
78 68 69 74
78 68 69 73
78 68 69 73
78 68 69 73
78 68 70 73
79 68 70 73
79 68 70 73
81 74 73 73
81 74 73 73
81 74 74 73
81 74 74 73
81 76 74 73
81 76 74 73
81 76 74 73
81 76 74 74
81 76 74 74
81 76 74 74
81 76 74 74
78 84 76 73
78 84 76 73
78 84 76 73
78 84 76 73
78 84 76 73
78 84 76 73
76 84 76 73
76 84 76 73
76 84 76 73
76 84 76 73
76 84 76 73
71 85 76 74
69 85 76 74
69 85 76 74
69 85 76 74
69 85 76 74
69 85 76 73
69 85 76 73
69 85 76 73
69 84 76 73
59 81 75 74
59 81 75 74
59 81 75 74
59 79 75 74
59 79 74 74
59 79 74 74
56 79 74 74
56 79 74 74
56 79 74 74
56 79 74 75
56 79 74 75
51 73 71 75
50 73 71 75
50 73 71 75
50 73 71 75
50 73 71 75
50 72 71 75
50 72 71 75
50 72 69 75
50 72 69 75
46 69 68 75
46 69 68 75
46 69 68 75
46 69 68 75
46 69 68 75
45 69 68 75
45 69 68 75
45 69 68 75
45 68 68 76
45 68 68 76
42 73 68 75
42 74 68 75
42 74 68 75
42 74 68 75
42 74 68 75
42 74 68 75
42 74 68 75
42 74 68 75
42 74 68 75
36 76 70 75
36 76 70 75
36 76 70 75
36 76 70 75
36 77 70 75
35 77 70 75
35 77 70 75
33 78 71 76
33 78 71 76
30 80 74 75
28 80 74 75
28 80 74 75
28 80 74 75
28 80 74 75
28 80 74 75
28 80 75 75
28 80 75 75
28 81 75 75
28 81 75 75
26 81 75 75
20 79 76 75
20 79 76 75
20 79 76 75
20 79 76 75
19 79 76 75
19 79 76 75
19 79 76 75
19 79 76 75
19 79 76 75
15 75 75 75
15 75 75 75
15 75 75 75
15 75 75 75
15 75 75 75
15 75 75 75
15 75 75 75
15 75 75 75
15 75 75 75
15 75 75 75
15 75 75 75
14 75 72 76
14 75 72 76
14 75 72 76
14 75 72 76
13 75 72 75
13 75 72 75
13 75 72 75
13 75 72 75
13 75 71 75
13 77 68 75
13 77 68 75
13 77 68 75
13 77 68 75
13 77 68 75
13 77 68 75
13 77 68 75
13 77 68 75
13 77 68 75
13 77 68 76
13 77 68 76
12 75 66 75
12 75 66 75
12 75 66 75
12 75 66 76
12 75 66 76
12 75 66 76
12 75 66 76
12 75 66 76
12 75 66 76
10 75 66 75
10 75 66 75
10 75 66 75
10 75 66 75
10 75 66 75
10 75 66 75
10 74 66 75
10 74 66 75
10 74 66 75
10 74 66 75
10 74 66 75
9 69 69 74
9 69 69 74
9 69 69 75
9 69 69 75
9 69 69 75
9 69 70 75
9 69 70 75
9 69 70 75
9 68 70 75
9 70 74 75
9 70 74 75
9 71 74 75
9 71 74 75
9 71 74 75
9 71 74 75
9 71 74 74
9 71 74 74
9 71 74 74
9 71 74 74
10 75 74 74
10 75 74 74
10 75 74 74
10 75 74 74
10 75 75 74
10 75 75 74
10 75 75 74
10 75 75 74
10 75 75 74
10 75 75 74
10 75 75 74
11 80 74 75
11 80 74 75
11 80 74 75
11 80 74 75
11 80 74 74
12 80 74 74
12 80 74 74
12 80 74 74
12 80 74 74
13 81 71 75
14 80 71 75
14 80 71 75
14 80 71 75
14 80 71 75
14 80 71 75
14 80 71 75
14 80 71 75
14 80 71 75
18 75 67 75
18 75 67 75
18 75 67 75
18 75 67 75
18 73 67 75
18 73 67 75
19 73 67 75
19 73 66 75
19 73 66 75
19 73 66 75
19 73 66 75
22 65 66 75
23 65 66 75
23 65 66 75
23 65 66 75
23 65 66 75
23 65 66 75
23 65 66 75
23 65 66 74
23 65 66 74
28 62 66 74
28 61 66 74
28 61 66 74
28 61 66 74
28 61 66 74
29 61 66 74
29 61 66 74
29 61 66 74
29 61 66 74
29 61 66 74
29 61 66 74
35 61 71 74
35 61 71 74
35 61 71 74
35 61 71 74
35 61 71 74
35 61 71 74
35 61 71 74
35 61 71 74
35 61 71 74
41 65 74 74
41 65 74 75
41 65 74 75
41 65 74 75
41 65 74 75
42 66 74 75
42 66 74 75
42 66 74 75
42 66 74 75
42 66 74 75
42 66 74 74
47 66 75 74
47 66 75 74
47 66 75 74
47 66 75 74
47 66 75 74
47 66 75 74
47 66 75 74
47 66 75 74
47 65 75 74
51 63 75 75
51 63 75 75
51 61 75 75
51 61 74 75
51 61 74 75
51 61 74 75
51 61 74 75
51 61 74 75
51 61 74 75
51 61 74 74
51 61 74 74
52 55 70 75
52 55 70 75
52 55 70 75
52 55 70 75
52 53 70 75
52 53 70 75
52 53 70 75
52 53 70 75
55 47 67 75
55 47 67 75
55 47 67 75
55 47 67 75
56 47 67 75
56 47 67 75
56 47 67 75
56 46 67 75
56 46 67 75
56 46 67 75
56 46 67 75
60 44 67 75
60 43 67 75
60 43 67 75
60 43 67 75
60 43 67 75
60 43 67 75
60 43 67 75
60 43 67 75
60 43 67 75
60 43 67 75
60 43 67 75
64 42 68 75
64 42 68 75
65 42 68 75
65 42 68 75
65 42 68 75
65 42 68 75
65 42 68 74
65 42 68 74
65 42 68 74
69 40 73 75
69 40 73 75
69 40 73 75
69 40 73 75
69 40 73 75
69 40 73 75
69 39 73 75
69 39 73 75
69 39 73 75
71 37 76 75
71 36 76 75
71 36 76 75
71 36 76 75
71 36 76 75
71 36 76 75
71 36 76 75
71 36 76 75
71 36 75 75
71 35 75 75
71 35 75 75
73 30 75 75
73 30 75 75
73 29 75 75
73 29 75 75
73 29 75 75
73 29 75 75
73 29 75 75
73 29 75 75
73 29 75 75
75 23 74 76
75 23 74 76
74 23 74 76
74 23 74 76
74 23 74 75
74 22 74 75
74 22 74 75
74 22 74 75
74 22 74 75
74 22 74 75
74 22 74 75
78 16 71 76
78 16 71 76
78 16 71 76
78 16 71 76
78 16 71 76
78 16 71 76
80 16 71 76
80 16 71 76
80 14 71 76
83 11 69 76
83 11 69 76
83 10 69 76
83 10 69 76
83 10 69 76
83 10 68 76
83 10 68 76
83 10 68 76
83 10 68 76
83 10 68 76
83 10 68 76
80 8 70 76
80 8 70 76
80 8 70 76
80 8 70 76
80 8 71 76
80 8 71 76
80 8 71 76
80 8 71 76
80 8 71 76
80 8 71 76
79 8 71 76
77 8 74 75
77 8 74 75
77 8 74 75
77 8 74 75
77 8 74 75
77 8 74 75
77 8 74 75
77 8 74 75
77 8 74 75
78 8 76 76
78 8 76 76
78 8 76 76
78 8 76 76
78 8 76 76
78 8 76 76
78 8 76 76
78 8 76 76
78 8 76 76
78 8 76 76
78 8 76 76
82 9 76 77
82 9 76 77
82 9 76 77
82 9 76 77
82 9 76 77
82 9 76 77
82 9 77 77
82 9 77 77
82 9 77 77
86 10 75 77
86 10 75 77
86 10 75 77
86 10 75 77
86 10 75 77
86 10 75 77
86 10 75 77
86 10 75 77
86 10 75 76
85 10 75 76
85 10 75 76
86 10 71 77
86 10 71 77
86 10 71 77
86 10 71 77
84 10 71 77
84 10 71 77
84 10 71 77
84 10 71 77
84 10 71 77
84 10 71 77
84 10 71 77
80 8 70 77
80 8 70 77
80 8 70 77
80 8 70 77
80 8 70 77
80 8 70 77
80 8 70 77
79 8 70 77
79 8 71 77
77 7 71 76
77 7 71 77
77 7 71 77
78 7 71 77
78 7 71 77
78 7 71 77
78 7 71 77
78 7 71 77
78 7 71 77
78 7 73 77
78 7 73 77
78 7 73 77
78 7 73 77
78 7 73 77
78 7 73 77
78 7 73 77
78 7 73 77
79 7 74 77
79 7 74 77
79 7 74 77
82 9 76 77
82 9 76 77
84 9 76 77
84 9 76 77
84 9 76 77
84 9 76 77
84 9 76 77
84 9 76 77
84 9 76 77
84 9 76 77
84 9 76 77
85 12 77 78
85 12 77 78
85 12 77 78
85 12 77 78
85 12 77 78
85 12 77 78
85 13 77 78
85 13 77 78
85 13 77 78
85 15 76 78
85 15 76 78
84 15 76 78
84 15 76 78
84 15 76 78
84 15 76 78
84 15 76 78
84 15 76 78
84 15 76 78
84 16 76 78
84 16 76 78
78 18 74 78
78 18 74 78
78 18 74 78
78 18 74 78
78 18 73 78
77 18 73 78
77 18 73 78
77 18 73 78
76 19 70 78
75 19 70 78
75 19 70 78
75 19 70 78
75 19 70 78
75 20 70 78
75 20 70 78
75 20 70 78
75 20 70 78
75 20 70 78
75 20 70 78
76 25 69 78
76 25 69 78
76 25 69 78
76 25 69 78
76 25 69 78
77 25 69 78
77 25 69 78
77 25 69 78
77 26 69 78
82 33 65 78
84 33 65 78
84 36 65 78
84 36 65 78
84 36 65 78
84 36 65 78
84 36 65 78
84 36 65 78
84 36 65 78
86 47 62 78
86 47 62 78
86 47 62 78
86 47 61 78
86 47 61 78
85 49 61 78
85 49 61 78
85 49 61 78
85 49 61 78
85 49 61 78
85 49 61 78
84 56 56 78
84 56 56 78
84 56 56 78
84 56 56 78
84 56 56 78
84 56 56 78
84 56 55 78
84 56 55 78
84 57 55 78
77 58 51 79
77 58 51 79
77 58 51 79
77 58 51 79
77 58 51 79
76 58 51 79
76 58 51 79
76 58 51 79
76 58 51 79
76 58 51 78
76 58 51 78
75 56 46 78
75 56 46 78
75 56 46 78
75 56 46 79
75 57 46 79
75 57 45 79
75 57 45 79
75 57 45 79
75 57 45 79
77 59 40 78
77 59 40 78
77 59 40 78
77 59 40 78
77 59 40 78
77 59 40 78
77 59 40 78
77 60 40 78
77 60 40 78
77 60 38 78
77 60 38 78
84 65 35 79
84 65 35 79
84 65 35 78
84 65 34 78
84 65 34 78
84 65 34 78
84 65 34 78
84 65 34 78
85 65 34 78
86 70 30 78
86 70 30 78
86 70 30 78
86 70 30 78
85 70 30 78
85 70 30 78
85 70 30 78
85 70 30 78
85 70 28 78
85 70 28 78
85 70 28 78
84 71 24 78
84 71 24 78
84 71 23 78
84 71 23 78
84 71 23 78
84 71 23 78
84 71 23 78
84 71 23 78
78 68 18 78
78 67 18 78
78 67 18 78
77 67 18 78
77 67 18 78
77 67 18 78
77 67 18 78
77 67 17 78
77 67 17 78
77 66 17 78
77 66 17 78
76 66 15 78
76 66 14 78
76 66 14 78
76 66 14 78
76 66 14 78
76 66 14 78
76 66 14 78
76 66 14 78
76 66 14 78
76 68 12 79
76 68 12 79
76 68 12 79
79 68 12 79
79 68 12 79
79 67 11 79
79 67 11 79
79 67 11 79
79 67 11 79
79 67 11 79
79 67 11 79
84 74 10 78
84 74 10 78
84 74 10 78
84 74 10 78
84 74 10 78
84 74 10 78
84 74 10 78
86 74 10 78
86 76 10 79
86 78 9 79
86 78 9 79
86 77 9 78
86 77 9 78
86 77 9 78
86 77 9 78
86 77 9 78
86 77 9 78
86 77 9 78
86 77 9 78
86 77 9 78
84 74 9 78
84 74 9 78
84 74 9 78
84 74 9 78
84 73 9 78
84 73 9 78
83 73 9 78
83 73 9 78
83 73 8 78
83 73 8 78
78 66 8 78
78 66 8 78
77 66 8 78
77 66 8 78
77 66 8 78
77 66 8 78
77 66 8 78
77 65 8 78
77 65 8 78
77 65 8 78
77 65 8 78
76 61 9 78
76 61 9 78
76 61 9 78
76 61 9 78
76 61 9 78
76 61 9 78
76 61 9 78
76 61 9 78
76 61 9 78
77 63 9 78
79 63 10 78
79 63 10 78
79 63 10 78
79 63 10 78
79 63 10 78
79 63 10 78
79 63 10 78
79 63 10 78
79 63 10 78
80 63 10 78
85 73 10 78
85 73 10 78
85 73 10 78
85 73 10 78
85 73 10 78
87 77 10 78
87 77 10 78
87 77 10 78
87 77 10 78
87 77 10 78
87 77 10 78
87 80 10 78
87 80 10 78
87 80 10 78
87 80 10 78
87 80 10 78
87 80 10 78
87 80 10 78
87 80 10 78
84 80 10 78
84 80 10 78
84 79 10 78
84 79 10 78
82 79 10 78
82 79 10 78
82 79 10 78
82 79 10 78
82 79 10 78
82 79 10 78
82 79 10 78
76 71 9 77
76 71 9 77
76 71 9 77
76 71 9 77
76 68 9 77
76 68 9 77
76 68 9 78
76 68 9 78
76 68 9 78
76 68 9 78
75 62 8 77
75 62 8 77
75 62 8 77
75 62 8 77
75 62 8 77
75 62 8 77
75 62 8 77
75 61 8 77
75 61 8 77
78 60 9 77
78 60 9 77
78 60 9 77
78 60 9 77
78 60 9 77
78 60 9 77
78 60 9 76
78 60 9 76
78 60 9 76
81 60 9 76
81 60 9 76
81 62 9 76
85 67 11 76
85 67 12 76
85 67 12 76
86 67 12 76
86 68 12 76
86 68 12 76
86 68 12 76
86 68 12 76
86 68 12 76
86 75 19 75
86 75 19 75
86 75 19 75
86 75 19 75
86 75 19 75
86 75 21 75
86 75 21 75
86 76 21 75
86 76 21 75
86 76 21 75
86 76 21 75
83 78 30 73
83 78 30 73
81 78 30 73
81 78 30 73
81 78 30 73
81 78 30 73
81 78 30 73
81 78 30 73
81 78 30 72
76 72 37 69
76 72 37 69
76 72 37 69
76 71 37 67
76 71 39 67
76 71 39 67
76 71 39 67
75 71 39 67
75 71 39 67
75 71 39 67
75 71 39 67
75 68 45 61
75 68 45 61
75 68 45 61
75 68 45 61
75 68 45 61
75 68 45 61
75 67 45 59
75 67 46 59
75 67 46 59
79 63 49 53
79 63 49 53
79 63 49 51
79 63 49 51
79 63 49 51
79 63 49 51
80 63 49 51
80 63 49 51
80 63 49 51
80 64 49 51
80 64 49 51
85 66 55 44
85 66 55 44
85 68 55 44
85 68 55 44
85 68 55 44
85 68 55 42
85 68 56 42
85 68 56 42
85 70 60 35
85 70 61 35
85 70 61 35
85 70 61 35
85 70 61 35
85 70 61 35
86 70 61 35
86 70 61 35
86 70 61 35
86 70 61 33
86 70 63 33
81 69 68 29
81 69 68 29
81 69 68 29
81 69 68 29
81 69 68 28
81 69 69 28
81 69 69 28
81 69 69 28
81 68 69 28
75 66 76 24
75 66 76 24
75 66 76 24
75 66 76 24
75 66 76 24
74 66 76 24
74 66 76 24
74 66 76 24
74 66 76 23
74 66 76 23
74 66 76 23
75 68 77 20
75 68 77 20
75 68 77 20
75 68 77 19
75 68 77 19
75 68 77 19
75 68 77 19
75 68 77 19
75 68 77 19
79 69 77 16
79 69 77 16
79 69 77 16
79 69 77 16
79 69 77 16
81 69 77 16
81 69 77 16
81 70 77 15
81 70 76 15
81 70 76 15
81 70 76 15
86 75 73 13
86 75 73 12
86 75 73 12
86 75 73 12
86 75 73 12
86 75 73 12
86 75 73 12
86 75 73 12
86 75 73 12
86 73 69 10
86 73 69 10
86 73 69 10
86 73 69 10
85 72 69 10
85 72 69 10
85 72 69 10
85 72 69 10
85 72 69 10
85 72 69 10
85 72 69 10
81 69 69 9
81 69 70 9
81 69 70 9
81 69 70 9
81 69 70 9
81 67 70 9
81 67 70 9
81 67 70 9
80 67 70 9
75 59 70 9
75 59 70 9
75 59 70 9
75 59 70 9
75 59 70 9
75 59 71 9
75 59 71 9
75 59 71 9
75 59 71 9
75 58 71 9
75 58 71 9
74 59 75 9
74 59 75 9
74 59 75 9
74 59 75 9
74 59 75 9
74 59 75 9
74 59 75 9
74 59 75 9
74 59 76 9
78 65 79 9
78 65 79 9
78 65 79 9
80 65 79 9
80 65 80 9
80 68 80 9
80 68 80 9
80 68 80 9
80 68 80 9
80 68 80 9
80 68 80 9
85 77 80 9
85 77 80 9
85 77 80 9
85 77 80 9
85 77 80 9
85 77 80 9
85 77 80 10
85 79 80 10
85 79 80 10
85 79 80 10
85 79 80 10
86 78 79 10
85 78 79 10
85 78 79 10
85 78 79 10
85 78 79 10
85 78 79 10
85 78 79 10
85 78 79 10
85 78 79 10
79 76 74 10
79 76 74 10
79 76 73 10
77 73 73 10
77 70 73 10
77 70 73 10
76 70 73 10
76 70 73 10
76 70 73 10
76 70 73 10
76 70 73 10
73 61 71 10
73 61 71 10
73 61 71 10
73 61 71 10
73 61 71 10
73 61 71 10
73 59 71 10
73 59 71 10
73 59 71 10
73 57 71 11
73 57 71 11
73 57 71 11
73 57 71 11
73 57 70 12
73 57 70 12
73 57 70 12
73 57 70 12
73 57 70 12
78 59 73 15
78 59 73 15
80 59 73 15
80 60 73 15
80 60 73 15
80 60 73 15
80 60 73 15
80 60 73 15
80 60 73 15
80 60 73 16
80 60 73 16
83 70 76 20
83 70 76 20
83 70 76 20
83 70 77 21
83 70 77 21
83 72 77 21
83 72 77 21
83 72 77 21
83 72 77 21
83 77 80 25
83 77 80 25
83 77 80 25
83 77 80 25
83 77 80 25
83 77 80 25
83 77 80 25
83 77 80 26
83 77 79 26
83 79 79 26
81 79 79 26
77 78 80 29
77 78 80 29
77 75 79 30
77 75 79 30
75 75 79 30
75 75 79 30
75 75 79 30
75 75 79 30
75 75 79 30
72 69 78 34
72 69 78 34
72 69 78 34
72 69 78 34
72 69 78 34
72 67 78 34
72 67 76 34
72 67 76 34
72 67 76 34
71 67 76 34
71 67 76 34
71 64 73 38
71 64 72 38
71 64 72 38
71 64 72 38
71 64 72 38
71 64 72 38
71 64 72 38
71 63 72 38
77 61 69 42
77 61 69 42
77 62 69 42
77 62 69 42
77 62 69 42
77 62 69 43
77 62 69 43
77 62 69 43
77 62 69 43
79 62 69 43
79 62 69 43
82 67 69 47
82 67 69 47
82 67 69 47
81 68 69 47
81 68 69 47
81 68 69 47
81 68 69 47
81 68 69 47
81 68 69 48
81 68 71 50
81 68 71 50
81 68 71 50
81 68 71 50
81 68 72 50
81 68 72 50
81 68 72 50
81 68 72 50
80 68 72 50
80 68 72 50
80 68 72 50
75 69 76 52
75 69 76 52
75 69 76 52
74 69 76 52
74 69 76 52
74 69 76 52
74 69 76 52
74 69 77 52
74 69 77 52
70 67 78 54
70 67 78 54
70 67 78 54
70 68 78 54
70 68 78 54
70 68 78 54
70 68 78 54
70 68 78 54
71 68 78 54
71 68 78 54
71 68 78 54
71 68 78 56
71 68 78 56
71 68 78 56
71 68 78 56
71 68 78 56
71 68 78 57
71 67 78 57
71 67 78 57
71 67 78 57
78 71 76 58
78 71 76 59
78 71 75 59
78 71 75 59
78 71 75 59
78 71 75 59
78 71 75 59
78 71 75 59
78 71 75 59
78 73 75 59
78 73 75 59
81 73 70 62
81 73 70 62
81 73 70 62
81 73 70 62
81 73 69 62
81 73 69 62
81 73 69 62
81 73 69 62
81 73 69 62
80 68 69 66
80 68 69 66
80 68 69 66
80 68 69 66
80 68 69 66
80 68 69 66
80 68 69 66
78 68 69 66
78 68 69 66
78 68 69 66
78 68 69 66
74 64 69 69
72 64 69 69
72 64 69 69
72 64 68 70
72 64 68 70
72 64 68 70
72 64 68 70
72 63 68 70
72 63 68 70
70 58 73 73
70 58 73 73
70 58 73 73
70 58 73 73
70 58 73 73
70 58 73 73
70 58 73 73
70 58 73 73
70 58 73 73
70 58 73 73
70 63 77 74
72 63 77 74
72 63 78 75
72 63 78 75
72 63 78 75
72 63 78 75
72 63 78 75
72 63 78 75
72 63 78 75
78 72 79 75
78 72 79 75
78 72 79 75
78 72 79 75
78 72 79 75
79 72 79 75
79 72 79 75
79 73 79 75
79 73 79 75
79 73 79 75
79 73 79 75
81 78 79 76
81 78 79 76
81 78 79 76
81 78 79 76
81 78 79 76
81 78 79 76
81 78 79 76
81 78 79 76
81 78 79 76
80 77 76 75
80 77 76 75
80 77 76 75
80 77 76 75
80 77 76 75
78 77 74 75
78 77 74 75
78 77 74 75
78 77 74 75
78 77 74 75
78 77 74 75
72 67 70 75
72 67 70 75
72 67 70 75
72 67 70 75
72 67 70 75
72 67 70 75
72 65 70 75
72 65 70 75
72 65 70 75
69 57 69 75
69 57 69 75
69 57 69 75
69 57 69 75
70 57 69 76
70 57 69 76
70 57 69 76
70 57 69 76
70 57 69 76
70 57 69 76
70 57 69 76
71 57 70 76
71 57 70 76
71 57 70 76
71 57 70 76
71 57 70 76
71 57 70 76
71 57 70 76
71 57 70 76
73 57 70 76
77 63 74 76
77 63 74 76
77 63 74 76
77 63 74 76
79 63 74 76
79 66 74 76
79 66 74 76
79 66 74 76
79 66 74 76
79 66 74 76
79 66 74 76
80 75 79 77
80 75 79 77
80 75 79 77
80 75 79 77
80 75 79 77
80 75 79 77
80 75 79 77
80 76 79 77
80 76 79 77
79 78 78 77
79 78 79 77
79 79 79 77
77 79 79 77
77 79 79 77
77 79 79 77
77 79 79 77
77 79 79 77
77 79 79 77
77 79 79 77
77 78 79 77
70 74 78 76
70 74 78 76
70 74 78 76
70 74 78 76
70 72 77 76
70 72 77 76
70 72 77 76
70 72 77 76
69 65 73 75
69 65 73 75
69 65 73 75
69 65 73 75
69 65 73 75
69 65 73 75
69 65 73 75
69 64 73 75
69 64 73 75
69 64 72 75
69 64 72 75
76 61 68 75
76 61 68 75
79 61 68 75
79 67 68 75
79 67 68 75
79 67 69 75
79 67 69 75
79 67 69 75
79 67 69 75
79 67 69 75
79 67 69 75
79 67 69 75
78 70 74 75
78 70 74 75
76 70 74 75
76 70 74 75
76 70 74 75
76 70 74 75
76 70 75 75
76 70 75 75
76 70 75 75
76 71 75 75
76 71 75 75
71 70 77 75
71 70 78 75
71 69 78 75
71 69 78 75
68 69 78 75
68 69 78 75
68 69 78 75
68 69 78 75
68 69 78 75
69 68 77 75
68 68 77 75
68 68 77 75
68 68 77 75
68 68 77 75
68 67 77 75
68 67 77 74
68 67 77 74
68 67 77 74
68 67 77 74
68 67 77 74
70 67 76 74
70 67 76 74
70 67 76 74
70 67 76 74
70 67 76 74
72 67 76 74
72 67 76 74
72 67 76 74
72 67 76 74
78 69 72 73
78 69 72 73
78 69 72 73
78 69 72 73
78 69 71 73
78 69 71 73
78 69 71 73
78 69 71 73
78 69 71 73
78 69 71 73
79 69 71 73
79 68 68 73
79 68 68 73
79 68 68 73
79 68 68 73
79 68 68 73
79 68 68 73
79 68 68 73
79 68 68 73
79 68 68 73
76 67 67 73
76 67 67 73
76 67 67 73
76 67 67 73
76 67 67 73
76 67 67 73
76 66 67 73
76 66 67 73
76 66 67 73
74 66 67 73
74 66 67 73
70 60 70 73
70 60 70 73
70 60 70 73
68 60 70 73
68 60 70 73
68 60 70 73
68 60 70 73
68 60 70 73
68 60 74 74
68 60 75 74
68 60 75 74
68 61 75 74
68 61 75 74
68 61 75 74
68 61 75 74
68 61 75 74
68 61 75 74
68 61 75 74
68 61 77 74
72 65 78 73
72 65 78 73
72 65 78 73
72 65 78 73
72 65 78 73
72 68 78 73
72 68 78 73
72 68 78 73
72 68 78 73
79 74 78 73
79 74 78 73
79 74 78 73
79 74 78 73
79 74 78 73
79 74 78 73
79 74 78 73
79 74 78 73
79 76 78 73
79 76 78 73
79 76 78 73
79 77 75 72
79 77 75 72
80 77 75 72
80 77 74 72
80 77 74 72
80 77 74 72
80 77 74 72
80 77 74 72
80 77 74 72
76 73 70 72
76 73 70 72
76 73 70 72
76 73 70 72
76 73 70 72
76 70 70 72
76 70 70 72
74 70 69 72
74 70 69 71
74 70 69 71
74 70 69 71
69 59 68 71
69 59 68 71
69 59 68 72
69 59 68 72
69 59 68 72
69 59 68 72
69 59 68 72
69 57 68 72
69 57 68 72
69 55 68 72
69 55 68 72
69 56 68 72
69 56 68 72
69 56 68 72
69 56 68 72
69 56 68 72
69 56 68 71
69 56 68 71
69 56 68 71
69 56 68 71
72 56 72 72
74 56 72 72
74 56 72 72
74 57 72 72
74 57 72 72
74 57 72 72
74 57 72 72
74 57 72 72
74 57 72 72
80 69 76 72
80 69 76 72
80 69 76 72
80 69 76 72
80 69 76 72
80 69 77 72
80 69 77 72
80 72 77 72
80 72 77 72
80 72 77 72
80 72 77 72
79 77 78 71
79 77 78 71
79 77 78 71
79 77 78 71
79 77 78 71
79 77 78 71
79 77 78 71
79 77 78 71
79 77 78 71
75 76 78 71
75 76 78 71
75 76 78 71
75 75 78 71
75 75 78 71
74 75 78 71
74 75 78 71
74 75 78 71
74 75 78 71
74 75 78 71
68 68 75 70
68 68 75 70
68 68 75 70
68 68 75 70
68 68 75 70
68 65 75 70
68 65 75 70
68 65 73 70
68 65 73 71
73 57 67 70
73 57 67 70
73 57 67 70
73 57 67 70
73 57 67 70
73 57 67 70
73 57 67 70
73 57 67 70
73 57 67 70
74 57 67 70
74 57 67 70
78 63 67 70
78 63 67 70
78 63 67 70
78 63 67 70
76 66 67 70
76 66 67 70
76 66 67 70
76 66 67 70
76 66 67 70
74 65 71 71
74 65 71 71
74 65 71 71
74 65 71 71
74 65 71 71
74 65 70 71
74 65 70 70
74 66 70 70
73 66 70 70
73 66 70 70
73 66 70 70
66 67 74 68
66 66 74 68
66 66 74 68
63 66 74 68
63 66 74 68
63 66 74 68
63 66 74 68
63 66 74 68
63 66 74 68
59 61 72 66
59 61 72 66
59 61 72 66
59 61 72 66
59 60 72 66
59 60 72 65
59 60 72 65
59 60 72 65
59 60 72 65
59 60 72 65
59 60 72 65
60 60 71 64
60 60 71 64
59 60 71 64
59 60 71 64
59 60 71 64
59 60 71 64
59 59 71 64
59 59 71 64
59 59 71 64
66 60 67 65
66 61 67 65
66 61 66 65
66 61 66 65
66 61 66 64
66 61 66 64
66 61 66 64
68 61 66 64
68 61 66 64
68 61 66 64
68 60 66 64
71 63 62 64
71 63 62 64
71 63 62 64
71 63 62 64
71 63 62 64
71 63 61 64
71 63 61 64
71 63 61 64
71 63 61 64
71 60 61 64
71 60 61 64
71 60 61 64
71 60 61 64
71 60 61 64
71 60 61 64
71 60 61 64
70 60 61 64
70 60 61 64
70 60 61 64
65 57 61 65
64 57 61 65
64 57 61 65
64 57 61 65
64 57 62 65
64 57 62 65
64 57 62 64
64 57 62 64
64 56 62 64
59 51 67 65
59 51 67 65
59 52 67 65
59 52 67 65
59 52 67 65
59 52 67 65
60 52 67 65
60 52 67 65
60 52 67 65
60 52 68 65
60 52 68 64
60 56 71 64
60 56 71 64
60 56 71 64
60 56 72 64
60 58 72 64
60 58 72 64
60 58 72 64
60 58 72 64
60 58 72 64
66 63 71 64
66 63 71 64
66 63 71 64
66 63 71 64
66 63 71 64
66 63 71 64
69 63 71 64
69 63 71 64
69 65 71 64
69 65 71 64
69 65 71 64
71 70 71 64
71 72 69 64
71 72 69 64
71 72 69 63
71 72 69 63
71 72 69 63
71 72 69 63
71 72 69 63
71 72 69 63
72 69 65 63
72 69 65 63
72 69 65 63
72 69 65 63
72 68 65 63
70 68 65 63
70 68 64 63
70 68 64 63
70 68 64 63
70 68 64 63
70 68 64 63
64 59 60 63
64 59 60 63
64 59 60 63
64 59 60 63
64 59 60 63
64 59 60 63
64 56 60 63
64 56 60 63
64 56 60 63
60 49 60 63
60 48 60 63
60 48 60 63
60 48 60 63
60 48 60 63
60 48 61 63
60 48 61 63
60 48 61 63
60 48 61 63
60 48 61 63
60 48 61 63
61 48 62 63
61 48 62 64
61 48 62 64
61 48 62 64
61 48 62 64
61 48 62 64
61 48 62 64
61 48 62 64
63 48 62 64
63 48 63 64
63 48 63 63
68 56 66 64
68 56 66 64
68 56 66 64
68 56 67 64
70 56 67 64
70 59 67 63
70 59 67 63
70 59 67 63
70 59 67 63
70 59 67 63
70 59 67 63
70 59 67 63
70 59 67 63
72 71 71 63
72 71 71 63
72 71 71 63
72 71 71 63
72 71 71 63
72 71 71 63
72 71 71 63
72 71 70 63
71 72 70 63
71 72 70 63
72 71 70 63
72 71 70 63
72 72 70 63
70 72 70 63
70 72 70 62
70 72 70 62
70 72 70 62
70 72 70 62
70 72 70 62
70 72 70 62
70 72 70 62
70 72 70 62
68 72 70 62
63 67 68 62
63 67 68 62
63 67 68 62
63 67 68 62
63 64 68 62
63 64 67 62
63 64 67 62
61 64 67 62
61 64 67 62
61 64 67 62
61 64 67 62
60 55 63 62
60 55 62 62
60 55 62 62
59 55 62 62
59 55 62 62
59 55 62 62
59 55 62 62
59 53 62 62
59 53 62 62
59 53 62 62
59 53 61 62
59 53 61 62
60 53 61 62
61 50 59 62
61 48 59 62
61 48 59 62
61 48 59 62
61 48 59 62
61 48 59 62
62 48 59 61
62 48 59 61
62 48 59 61
62 48 59 61
62 48 59 61
68 53 59 62
68 53 59 62
70 53 59 62
70 53 59 62
70 55 59 62
70 55 59 62
70 55 59 62
70 55 59 62
70 55 59 62
70 55 59 62
70 55 59 62
70 55 59 63
71 55 59 63
72 61 61 62
72 61 61 62
72 61 61 62
72 61 62 62
72 61 62 62
72 61 62 62
71 61 62 62
71 61 62 62
71 61 62 62
71 61 62 62
71 61 62 62
70 65 66 62
70 66 66 62
69 66 66 62
69 66 66 62
69 66 66 62
69 66 66 62
69 66 66 62
69 66 67 62
69 66 67 62
69 67 67 62
69 67 67 62
67 67 67 62
67 67 67 62
61 66 68 62
61 66 68 62
61 65 68 62
61 65 68 61
61 65 68 61
60 65 68 61
60 65 68 61
60 65 68 61
60 65 68 61
60 65 68 61
60 65 68 61
60 59 68 61
60 59 68 61
60 59 68 61
60 59 68 61
60 59 68 61
60 59 68 61
60 60 69 61
60 60 69 61
60 60 69 61
60 60 69 61
60 60 69 61
59 60 69 61
59 60 69 61
62 58 64 61
62 58 64 61
62 58 64 61
62 58 64 61
62 58 64 61
62 58 64 61
62 58 64 61
62 58 64 61
62 57 64 61
62 57 64 61
62 57 64 61
68 60 60 61
70 60 60 61
70 60 60 61
70 60 60 61
70 60 60 61
70 60 59 61
70 60 59 61
70 60 59 61
70 60 59 61
70 60 59 61
71 60 59 61
71 61 59 61
71 61 57 61
71 61 57 61
71 61 57 61
71 61 57 61
71 60 57 61
71 60 57 61
71 60 57 61
71 60 57 61
71 60 58 61
71 60 58 61
71 60 58 61
68 61 57 61
68 61 57 61
68 61 57 61
68 61 57 61
68 61 57 61
68 61 57 61
68 61 57 61
68 60 57 61
68 60 57 61
66 60 57 61
66 60 57 61
66 59 57 61
65 59 57 61
61 56 61 61
61 54 61 61
61 54 61 61
61 54 61 61
60 54 61 61
60 54 61 61
60 54 61 61
60 54 62 61
60 54 62 61
60 54 62 61
60 54 62 61
59 54 65 61
59 54 65 61
59 54 66 61
59 54 66 61
59 55 66 61
59 55 66 61
59 55 66 61
59 55 66 61
59 55 66 61
60 55 66 61
60 55 66 61
60 55 67 61
60 55 67 61
62 59 67 60
62 59 67 60
62 59 67 60
64 59 67 60
64 59 67 60
64 59 67 60
64 60 67 60
64 60 67 60
64 60 67 60
64 60 67 60
64 60 67 60
71 67 68 59
71 67 67 59
71 67 67 59
71 67 67 60
71 67 67 60
71 67 67 60
71 67 67 60
71 67 67 60
71 67 67 60
71 69 67 60
71 69 67 60
71 69 67 60
71 69 67 60
72 71 62 59
72 71 62 59
72 70 62 59
72 70 62 59
72 70 61 59
72 70 61 59
72 70 61 59
72 70 61 59
72 70 61 59
72 70 61 59
72 70 61 59
68 65 57 60
68 65 57 60
68 65 57 59
68 65 57 59
68 65 57 59
68 63 57 59
68 63 57 59
66 63 57 59
66 63 56 59
66 63 56 59
66 63 56 59
66 63 56 60
66 63 56 60
62 53 56 60
62 53 56 60
60 53 56 60
60 53 56 60
60 53 56 60
60 53 56 60
60 53 56 60
60 53 56 60
60 50 56 60
60 50 56 60
60 50 56 60
60 49 56 59
60 49 56 60
60 49 56 60
60 49 56 60
60 49 56 60
60 49 56 60
60 49 57 60
60 49 57 60
60 49 57 60
60 49 57 59
60 49 57 59
60 49 57 59
60 49 57 59
63 50 61 59
64 50 62 59
64 50 62 59
64 50 62 59
64 52 62 60
64 52 62 60
64 52 62 60
64 52 62 60
64 52 62 60
64 52 62 60
71 64 66 59
71 64 66 59
71 64 66 59
71 64 66 59
71 64 66 59
71 64 66 59
72 64 66 59
72 67 66 59
72 67 66 59
72 67 66 59
72 67 66 59
72 67 66 59
72 67 66 59
67 71 66 58
67 71 66 58
67 71 66 58
61 61 60 58
60 61 60 58
60 61 60 58
60 61 60 58
60 61 60 58
60 58 60 58
60 58 60 58
60 58 60 58
60 58 59 58
60 58 59 58
60 58 59 58
60 51 56 58
60 51 56 58
60 51 56 58
60 51 56 58
60 51 56 58
60 51 56 58
60 51 56 58
60 51 56 58
60 51 56 58
60 50 56 58
60 50 56 58
60 50 56 58
60 50 56 58
65 49 55 58
65 49 55 58
65 50 55 58
65 50 55 58
65 50 55 58
65 50 55 58
65 50 55 58
65 50 55 58
65 50 55 58
66 50 55 59
66 50 55 59
72 58 55 59
72 58 55 59
72 58 56 59
72 58 56 59
72 58 56 59
71 60 56 59
71 60 56 59
71 60 56 59
71 60 56 59
71 60 56 59
71 60 56 59
71 60 58 59
71 60 58 59
71 64 60 58
71 64 60 58
71 64 60 58
71 64 60 58
71 64 60 58
71 64 61 58
71 64 61 58
71 64 61 58
71 65 61 58
71 65 61 58
71 65 61 58
66 69 65 58
66 69 65 58
66 68 65 58
66 68 65 58
65 68 65 58
65 68 65 58
65 68 65 58
65 68 65 58
65 68 65 58
65 68 65 58
65 68 64 58
65 68 64 58
65 68 64 58
60 63 64 57
60 63 64 57
60 63 64 57
60 63 64 57
60 60 65 57
60 60 65 57
60 60 65 57
60 60 65 58
59 60 65 58
59 60 65 58
59 60 65 58
60 59 62 58
60 59 62 58
60 59 62 57
60 59 62 57
60 59 62 57
60 59 62 57
60 59 62 57
60 59 62 57
60 59 61 57
60 59 61 57
60 59 61 57
60 59 61 57
65 56 58 57
65 57 58 57
65 57 58 57
65 57 56 57
65 57 56 57
65 57 56 58
65 57 56 58
66 57 56 58
66 57 56 58
66 57 56 58
66 57 56 58
71 59 53 58
71 59 53 58
71 59 53 58
71 59 53 58
71 61 53 58
71 61 53 58
71 61 53 58
71 61 53 58
71 61 53 58
71 61 53 58
71 61 53 58
71 61 53 58
71 61 53 58
71 61 53 58
71 61 53 58
71 61 53 58
71 61 53 58
71 61 53 58
71 61 53 58
71 62 53 58
71 62 53 58
71 62 53 58
71 62 53 58
71 62 53 58
65 59 55 58
65 59 55 58
65 59 55 58
64 59 55 58
64 59 55 58
64 59 55 58
64 59 56 58
64 59 56 58
64 59 56 58
64 57 56 58
64 57 56 58
62 57 56 58
62 57 56 58
60 55 60 58
60 55 60 58
60 54 60 58
60 54 60 58
60 54 60 58
60 54 60 58
59 54 60 58
59 54 60 58
59 54 60 58
59 54 61 58
59 54 61 58
59 58 63 58
59 58 63 58
59 58 63 58
59 58 63 58
59 58 63 58
59 60 63 58
59 60 63 58
59 60 63 57
59 60 63 57
59 60 63 57
59 60 63 57
61 60 63 57
61 60 63 57
66 61 63 57
66 61 63 57
66 61 63 57
66 61 63 57
66 61 63 57
66 61 63 57
67 61 63 57
67 61 63 57
67 64 63 57
67 64 63 57
67 64 63 57
72 69 61 57
72 69 61 57
72 71 61 57
72 71 60 57
72 71 60 57
72 71 60 57
72 71 60 57
72 71 60 57
72 71 60 57
72 71 60 57
71 70 60 57
71 70 60 57
71 70 59 57
72 67 55 58
72 67 55 57
72 67 55 57
72 67 55 57
72 65 55 57
70 65 55 57
70 65 53 57
70 65 53 57
70 65 53 57
70 65 53 57
70 65 53 58
66 58 52 58
64 58 52 58
64 58 52 58
64 58 52 58
64 58 52 58
64 58 52 58
64 58 52 58
64 56 52 58
64 56 52 58
64 56 52 58
63 56 52 58
63 56 53 58
63 56 53 58
60 51 52 58
60 49 52 58
60 49 52 58
60 49 52 58
60 49 52 58
60 49 53 58
60 49 53 58
60 49 53 58
60 49 53 58
60 49 53 58
61 48 54 58
61 48 56 58
61 48 56 58
61 49 56 58
61 49 56 59
61 49 56 59
61 49 56 59
61 49 56 59
61 49 56 59
62 49 56 59
62 49 57 59
62 49 57 59
62 49 57 59
67 57 60 57
67 57 60 57
67 57 60 57
67 57 60 57
69 57 61 57
69 61 61 57
69 61 61 57
69 61 61 58
69 61 61 58
69 61 61 58
69 61 61 58
72 72 62 58
72 72 62 58
72 72 62 58
72 72 62 57
72 72 62 57
72 72 62 57
72 72 62 57
72 72 62 57
72 72 62 57
71 71 62 57
71 71 62 57
71 71 62 57
71 71 62 57
72 72 63 57
72 72 63 57
72 71 62 57
71 71 62 57
71 71 62 57
71 71 62 57
71 71 62 57
71 71 62 57
71 71 62 57
71 71 62 57
71 71 62 57
64 68 58 57
64 68 58 58
64 68 58 58
64 68 58 58
64 68 58 58
64 65 58 58
64 65 58 58
64 65 57 58
63 65 57 58
63 65 57 58
63 65 57 58
63 65 57 58
63 65 57 58
61 54 53 58
61 54 53 58
61 54 52 58
60 54 52 58
60 54 52 58
60 54 52 58
60 54 52 58
60 52 52 58
60 52 52 58
60 52 52 58
60 52 52 58
61 49 52 58
61 49 52 58
61 49 52 58
61 49 52 58
61 49 52 58
61 49 52 58
61 49 52 58
62 49 52 58
62 49 52 58
62 49 52 58
62 49 52 58
62 50 52 58
62 50 52 58
68 53 51 59
68 53 51 59
69 53 51 59
69 53 51 59
69 55 51 59
69 55 51 59
69 55 51 59
69 55 51 59
69 55 51 59
69 55 52 59
69 55 52 59
71 63 55 59
71 63 55 59
71 63 55 59
71 63 55 59
71 63 55 59
71 63 57 59
71 63 57 59
72 63 57 59
72 63 57 58
72 63 57 58
72 63 57 58
72 63 57 58
72 63 57 58
71 68 60 58
71 68 60 58
70 68 60 58
70 68 60 58
70 68 60 58
70 68 60 58
70 68 60 58
70 68 60 58
70 68 61 58
70 69 61 58
70 69 61 58
64 68 61 58
64 68 61 58
64 68 61 58
64 68 61 58
64 67 61 58
64 67 61 58
62 67 61 58
62 67 61 58
62 67 61 58
62 67 61 58
62 67 61 58
62 67 61 58
60 60 61 59
61 60 61 59
61 60 61 59
61 60 61 59
61 60 61 59
61 60 61 59
61 60 60 59
61 60 60 59
61 60 60 59
61 60 60 59
