-0.7214229 -28.85692 -14.42846 -0.0
-0.619728 -24.78912 -26.82302 -0.0
-0.619728 -24.78912 -39.21758 -0.0
-0.6012094 -24.04838 -51.24176 -0.0
-0.6204402 -24.81761 -63.65057 -0.0
-0.6204402 -24.81761 -76.05937 0.0
-0.6204402 -24.81761 -88.46818 -0.0
-0.5160213 -20.64085 -98.7886 0.0
-0.5160213 -20.64085 -109.109 0.0
-0.3772893 -15.09157 -116.6548 0.0
-0.3772893 -15.09157 -124.2006 0.0
-0.3772893 -15.09157 -131.7464 0.0
-0.3772893 -15.09157 -139.2922 0.0
-0.27732 -11.0928 -144.8386 0.0
-0.1662089 -6.648355 -148.1628 0.0
-0.1469781 -5.879123 -151.1023 0.0
-0.1469781 -5.879123 -154.0419 0.0
0.5961538 23.84615 -142.1188 0.0
0.5961538 23.84615 -130.1957 0.0
0.5961538 23.84615 -118.2726 0.0
0.5961538 23.84615 -106.3496 0.0
0.7692308 30.76923 -90.96495 0.0
0.7801033 31.20413 -75.36288 0.0
0.7801033 31.20413 -59.76082 0.0
0.7801033 31.20413 -44.15875 0.0
0.7801033 31.20413 -28.55669 0.0
0.5321979 21.28792 -17.91273 -0.0
0.3598332 14.39333 -10.71607 -0.0
0.6812618 27.25047 2.909172 -0.0
0.6304143 25.21657 15.51746 -0.0
0.6304143 25.21657 28.12574 -0.0
1.682659 67.30634 61.77892 0.0
1.682659 67.30634 95.43209 0.0
1.701177 68.04709 129.4556 0.0
1.662716 66.50862 162.7099 0.0
2.892857 115.7143 220.5671 0.0
2.892857 115.7143 278.4242 0.0
3.0 120.0 338.4242 0.0
3.0 120.0 398.4242 0.0
3.0 120.0 400 0.0
3.0 120.0 400 0.0
3 120 400 0.0
3 120 400 0.0
3 120 400 0.0
3 120 400 0.0
3.0 120.0 400 0.0
3.0 120.0 400 0.0
3.0 120.0 400 0.0
3.0 120.0 400 0.0
2.946428 117.8571 400 -0.0
2.839286 113.5714 400 -0.0
2.839286 113.5714 400 -0.0
2.839286 113.5714 400 -0.0
2.839286 113.5714 400 -0.0
2.839286 113.5714 400 -0.0
1.784201 71.36803 400 -0.0
1.784201 71.36803 400 -0.0
1.784201 71.36803 400 -0.0
1.569915 62.79661 400 -0.0
1.569915 62.79661 400 -0.0
1.569915 62.79661 400 -0.0
1.09396 43.75841 400 -0.0
1.09396 43.75841 400 -0.0
0.9922651 39.69061 400 -0.0
0.9922651 39.69061 400 -0.0
0.9922651 39.69061 400 -0.0
1.806183 72.24733 400 0.0
1.913326 76.53305 400 0.0
1.913326 76.53305 400 0.0
1.913326 76.53305 400 0.0
3.0 120.0 400 0.0
3.0 120.0 400 0.0
3.0 120.0 400 0.0
3 120 400 0.0
3 120 400 0.0
3 120 400 0.0
3 120 400 0.0
3 120 400 0.0
3 120 400 0.0
3 120 400 0.0
3.0 120.0 400 0.0
3.0 120.0 400 0.0
3.0 120.0 400 0.0
3.0 120.0 400 0.0
3.0 120.0 400 0.0
3.0 120.0 400 0.0
3.0 120.0 400 0.0
3.0 120.0 400 0.0
1.351648 54.06593 400 -0.0
1.351648 54.06593 400 -0.0
1.351648 54.06593 400 -0.0
1.351648 54.06593 400 -0.0
1.351648 54.06593 400 -0.0
0.6552197 26.20879 400 -0.0
0.6564536 26.25814 400 -0.0
0.6564536 26.25814 400 -0.0
0.6564536 26.25814 400 -0.0
0.6564536 26.25814 400 -0.0
-1.271017 -50.84069 374.5797 -0.0
-1.22017 -48.8068 350.1763 -0.0
-1.22017 -48.8068 325.7729 -0.0
-1.258631 -50.34526 300.6003 -0.0
-1.40678 -56.27119 272.4647 -0.0
-2.494328 -99.77312 222.5781 -0.0
-2.494328 -99.77312 172.6916 -0.0
-2.494328 -99.77312 122.805 -0.0
-2.494328 -99.77312 72.91846 -0.0
-3.05365 -122.146 11.84546 -0.0
0.4102055 16.40822 20.04956 0.0
0.4472425 17.8897 28.99442 0.0
0.3400997 13.60399 35.79641 0.0
0.3400997 13.60399 42.5984 0.0
0.5975275 23.9011 54.54895 0.0
0.5782967 23.13187 66.11488 0.0
0.5782967 23.13187 77.68082 0.0
0.5782967 23.13187 89.24675 0.0
0.2191188 8.764751 93.62912 -0.0
0.2191188 8.764751 98.01149 -0.0
0.111976 4.479039 100.251 -0.0
0.09274519 3.709807 102.1059 -0.0
0.09274519 3.709807 103.9608 -0.0
-0.4347144 -17.38858 95.26654 -0.0
-0.4717515 -18.87006 85.83151 -0.0
-0.4717515 -18.87006 76.39648 -0.0
-0.6242938 -24.97175 63.9106 -0.0
-0.700352 -28.01408 49.90356 -0.0
-0.6467805 -25.87122 36.96796 -0.0
-0.6467805 -25.87122 24.03234 -0.0
-0.6467805 -25.87122 11.09673 -0.0
-0.6467805 -25.87122 -1.838877 -0.0
-0.2229724 -8.918898 -6.298326 0.0
-0.2229724 -8.918898 -10.75778 0.0
-0.2229724 -8.918898 -15.21722 0.0
-0.07043004 -2.817202 -16.62583 0.0
0.4700346 18.80138 -7.225134 0.0
0.5070716 20.28286 2.916298 0.0
0.5070716 20.28286 13.05773 0.0
0.5070716 20.28286 23.19916 0.0
0.5263024 21.0521 33.72521 0.0
0.6408221 25.63288 46.54165 0.0
0.6408221 25.63288 59.3581 0.0
0.6223036 24.89214 71.80417 0.0
0.6223036 24.89214 84.25024 0.0
0.2280728 9.122913 88.81169 -0.0
0.1896113 7.584453 92.60392 -0.0
0.1896113 7.584453 96.39615 -0.0
0.1896113 7.584453 100.1884 -0.0
0.1710927 6.84371 103.6102 -0.0
-0.4649066 -18.59626 94.3121 -0.0
-0.4649066 -18.59626 85.01396 -0.0
-0.6242938 -24.97175 72.52808 -0.0
-0.6242938 -24.97175 60.04221 -0.0
-0.6242938 -24.97175 47.55634 -0.0
-0.703076 -28.12304 33.49481 -0.0
-0.6845575 -27.3823 19.80366 -0.0
-0.6845575 -27.3823 6.112514 -0.0
-0.6845575 -27.3823 -7.578636 -0.0
-0.703076 -28.12304 -21.64016 -0.0
-0.5505336 -22.02134 -32.65083 0.0
-0.5505336 -22.02134 -43.6615 0.0
-0.5320151 -21.2806 -54.3018 0.0
0.2762791 11.05116 -48.77621 0.0
0.2762791 11.05116 -43.25064 0.0
0.3147407 12.58963 -36.95583 0.0
0.3683121 14.73248 -29.58958 0.0
0.4191596 16.76638 -21.20639 0.0
0.7582736 30.33095 -6.040915 0.0
0.7074263 28.29705 8.107611 0.0
0.7074263 28.29705 22.25614 0.0
0.7074263 28.29705 36.40466 0.0
0.3989708 15.95883 44.38408 -0.0
0.3989708 15.95883 52.36349 -0.0
0.3989708 15.95883 60.34291 -0.0
0.1496322 5.985286 63.33556 -0.0
0.2004795 8.01918 67.34515 -0.0
-0.4438167 -17.75267 58.46881 -0.0
-0.4438167 -17.75267 49.59248 -0.0
