Searching for spRInt...
3.4.0; Pybricks MicroPython ci-release-86-v3.6.1 on 2025-03-11
160 -1.603173 -64.12694 0.0
321 -0.9338039 -37.35216 -0.0
488 1.367188 54.68753 0.0
646 1.092473 43.69891 0.0
816 1.500776 60.03106 0.0
976 1.395059 55.80234 0.0
1138 1.098095 43.92382 -0.0
1308 -1.329278 -53.17112 -0.0
1470 -1.535655 -61.4262 0.0
1640 -1.126042 -45.04169 -0.0
1798 0.9257435 37.02974 0.0
1958 -2.914108 -116.5643 0.0
2128 1.481067 59.24267 -0.0
2287 1.464925 58.597 0.0
2457 0.6550608 26.20243 -0.0
2612 -0.1842792 -7.371168 0.0
2771 -1.774855 -70.99419 0.0
2939 -1.189611 -47.58445 -0.0
3101 -0.6756898 -27.02759 0.0
3266 0.6362439 25.44976 0.0
3423 1.826284 73.05138 0.0
3581 -0.0732916 -2.931664 -0.0
166 -1.824462 -72.97848 -0.0
325 0.2188682 8.754728 0.0
489 -0.588464 -23.53856 0.0
644 0.2446499 9.785996 -0.0
797 0.01088465 0.4353859 -0.0
964 -0.007188282 -0.2875313 0.0
1109 0.0 0.0 0.0
1254 0.0 0.0 0.0
1407 0.0 0.0 0.0
1551 0.0 0.0 0.0
1693 0.0 0.0 0.0
The program was stopped (SystemExit).
3.4.0; Pybricks MicroPython ci-release-86-v3.6.1 on 2025-03-11
157 0.2811425 11.2457 0.0
