0.7115384 49.09615
0.7115384 49.09615
0.7115384 49.09615
0.7307692 50.42308
0.7307692 50.42308
0.7307692 50.42308
0.7307692 50.42308
0.7307692 50.42308
0.7307692 50.42308
0.7307692 50.42308
0.7307692 50.42308
0.7307692 50.42308
0.7307692 50.42308
0.7307692 50.42308
0.7307692 50.42308
0.7307692 50.42308
0.7307692 50.42308
0.2292878 15.82086
0.2292878 15.82086
0.1922508 13.2653
0.1922508 13.2653
0.1414033 9.756824
0.1414033 9.756824
0.1414033 9.756824
0.2233905 15.41394
0.1725431 11.90547
0.1725431 11.90547
0.1725431 11.90547
0.1910616 13.18325
0.1910616 13.18325
0.1910616 13.18325
0.360823 24.89679
0.360823 24.89679
0.360823 24.89679
0.4116706 28.40527
0.373209 25.75142
0.3361719 23.19586
0.3361719 23.19586
0.3361719 23.19586
0.4530424 31.25992
0.4715609 32.5377
0.4715609 32.5377
0.4715609 32.5377
0.3644179 25.14484
0.3644179 25.14484
0.2874949 19.83714
0.2874949 19.83714
0.2689763 18.55937
-0.1965812 -13.5641
-0.2542735 -17.54487
-0.2542735 -17.54487
-0.2913105 -20.10043
-0.2913105 -20.10043
-0.2913105 -20.10043
-0.574074 -39.61111
-0.574074 -39.61111
-0.574074 -39.61111
-0.574074 -39.61111
-0.574074 -39.61111
-0.5925926 -40.88889
-0.5925926 -40.88889
-1.147521 -79.17892
-1.147521 -79.17892
-1.147521 -79.17892
-1.198368 -82.68738
-1.198368 -82.68738
-1.198368 -82.68738
-0.9454403 -65.23538
-0.9454403 -65.23538
-0.8918689 -61.53895
-0.9289061 -64.09451
-0.9289061 -64.09451
-0.9289061 -64.09451
-0.8780585 -60.58604
-0.6320589 -43.61206
-0.6320589 -43.61206
-0.5812113 -40.10358
-0.5812113 -40.10358
-0.5997298 -41.38136
-0.5461584 -37.68493
-0.3420839 -23.60379
-0.3420839 -23.60379
-0.2885125 -19.90736
-0.2885125 -19.90736
-0.2692817 -18.58044
-0.2692817 -18.58044
-0.2692817 -18.58044
-0.9052707 -62.46368
-0.9052707 -62.46368
-0.9237892 -63.74146
-0.9237892 -63.74146
-0.9237892 -63.74146
-0.9237892 -63.74146
-1.0 -69.0
-1.0 -69.0
-1.0 -69.0
-1.0 -69.0
-1.0 -69.0
-1.0 -69.0
-1.0 -69.0
-1.0 -69.0
-1.0 -69.0
-1.0 -69.0
-1.0 -69.0
-1.0 -69.0
-1.0 -69.0
-1.254237 -86.54237
-1.254237 -86.54237
-1.305085 -90.05085
-1.251513 -86.35443
-1.251513 -86.35443
-1.251513 -86.35443
-1.037228 -71.56871
-1.037228 -71.56871
-1.037228 -71.56871
-1.037228 -71.56871
-1.037228 -71.56871
-1.037228 -71.56871
-0.8765134 -60.47943
-0.5276673 -36.40904
-0.47682 -32.90058
-0.5303914 -36.59701
-0.4748358 -32.76367
-0.4748358 -32.76367
-0.4748358 -32.76367
0.3514957 24.25321
0.3514957 24.25321
0.4284188 29.5609
0.4284188 29.5609
0.4284188 29.5609
0.5580484 38.50534
0.504477 34.80891
0.504477 34.80891
0.6006309 41.44353
0.6006309 41.44353
0.9491757 65.49313
0.8956043 61.7967
0.8956043 61.7967
0.9532967 65.77747
0.9532967 65.77747
0.9532967 65.77747
0.9532967 65.77747
0.9038462 62.36538
0.9038462 62.36538
0.9038462 62.36538
0.9038462 62.36538
0.9038462 62.36538
0.9423077 65.01923
0.9423077 65.01923
0.9423077 65.01923
0.618857 42.70113
0.618857 42.70113
0.618857 42.70113
0.618857 42.70113
0.5633014 38.86779
0.5633014 38.86779
0.5633014 38.86779
0.5687493 39.2437
0.7617927 52.5637
0.7617927 52.5637
0.7617927 52.5637
0.7617927 52.5637
0.8126401 56.07217
0.8126401 56.07217
0.8126401 56.07217
0.8126401 56.07217
0.8126401 56.07217
1.299681 89.67802
1.299681 89.67802
1.299681 89.67802
1.299681 89.67802
1.299681 89.67802
1.299681 89.67802
1.350529 93.1865
1.350529 93.1865
1.406085 97.01984
1.347527 92.97939
1.347527 92.97939
1.347527 92.97939
1.45467 100.3723
1.45467 100.3723
1.45467 100.3723
1.416209 97.71841
1.416209 97.71841
1.416209 97.71841
1.416209 97.71841
1.362637 94.02197
1.15522 79.71017
1.116758 77.05632
1.116758 77.05632
1.116758 77.05632
1.116758 77.05632
1.116758 77.05632
1.063187 73.35989
1.024725 70.70604
1.024725 70.70604
1.024725 70.70604
0.9093407 62.7445
0.9093407 62.7445
0.8901098 61.41758
0.8901098 61.41758
0.8901098 61.41758
0.8901098 61.41758
0.8901098 61.41758
0.4599785 31.73851
0.4599785 31.73851
0.4599785 31.73851
0.4414599 30.46074
0.4950314 34.15717
0.3933365 27.14022
0.3933365 27.14022
0.444184 30.6487
0.3906126 26.95227
0.3906126 26.95227
0.3906126 26.95227
0.3906126 26.95227
0.3906126 26.95227
0.9662785 66.67322
0.9662785 66.67322
0.9662785 66.67322
0.9662785 66.67322
0.9662785 66.67322
0.9662785 66.67322
1.118821 77.19862
1.137339 78.47641
1.252747 86.43956
1.252747 86.43956
1.252747 86.43956
1.252747 86.43956
1.252747 86.43956
1.252747 86.43956
1.252747 86.43956
1.252747 86.43956
1.252747 86.43956
1.145604 79.0467
1.145604 79.0467
1.145604 79.0467
1.145604 79.0467
1.038462 71.65385
1.096154 75.63461
1.096154 75.63461
1.096154 75.63461
1.096154 75.63461
1.096154 75.63461
1.096154 75.63461
1.096154 75.63461
1.284154 88.60665
1.284154 88.60665
0.9290974 64.10772
0.9290974 64.10772
0.87825 60.59925
0.87825 60.59925
0.87825 60.59925
0.87825 60.59925
0.7464327 51.50386
0.7464327 51.50386
0.7464327 51.50386
0.7464327 51.50386
0.8034128 55.43549
0.8034128 55.43549
0.8034128 55.43549
1.431323 98.76129
1.431323 98.76129
1.431323 98.76129
1.533018 105.7782
1.533018 105.7782
1.570055 108.3338
1.570055 108.3338
1.570055 108.3338
1.462912 100.9409
1.42445 98.28709
1.42445 98.28709
1.42445 98.28709
1.42445 98.28709
1.42445 98.28709
1.42445 98.28709
1.366758 94.30631
1.366758 94.30631
1.366758 94.30631
1.366758 94.30631
1.42033 98.00274
1.120879 77.34066
1.120879 77.34066
1.120879 77.34066
1.043956 72.03297
1.043956 72.03297
1.043956 72.03297
1.043956 72.03297
0.8832417 60.94368
0.8832417 60.94368
0.7678572 52.98215
-0.1444343 -9.965969
-0.1444343 -9.965969
-0.1444343 -9.965969
-0.1980057 -13.6624
-0.2941596 -20.29701
-0.4423077 -30.51923
-1.036723 -71.5339
-1.129316 -77.92278
-1.129316 -77.92278
-1.129316 -77.92278
-1.129316 -77.92278
-1.129316 -77.92278
-1.305085 -90.05085
-1.305085 -90.05085
-1.305085 -90.05085
-1.305085 -90.05085
-1.305085 -90.05085
-1.305085 -90.05085
-0.7671957 -52.9365
-0.6395502 -44.12896
-0.6395502 -44.12896
-0.6395502 -44.12896
-0.6395502 -44.12896
-0.4583333 -31.625
-0.4583333 -31.625
-0.7934491 -54.74799
-0.7934491 -54.74799
-0.6863063 -47.35513
-0.6863063 -47.35513
-0.6863063 -47.35513
-0.6093832 -42.04744
-1.462266 -100.8964
-1.481497 -102.2233
-2.792226 -192.6636
-2.792226 -192.6636
-2.792226 -192.6636
-2.741379 -189.1551
-2.867752 -197.8749
-2.867752 -197.8749
-2.904789 -200.4305
-2.443563 -168.6059
-2.443563 -168.6059
-2.462081 -169.8836
-2.462081 -169.8836
-2.462081 -169.8836
-2.207844 -152.3412
-1.057214 -72.94778
-1.057214 -72.94778
-0.8538247 -58.9139
-0.7281634 -50.24327
-0.7281634 -50.24327
-0.7281634 -50.24327
-0.7281634 -50.24327
0.1544229 10.65518
0.1544229 10.65518
0.1544229 10.65518
0.1736537 11.9821
0.1736537 11.9821
0.3254564 22.45649
0.3254564 22.45649
0.3254564 22.45649
0.6016483 41.51373
0.6016483 41.51373
0.6552197 45.21016
0.6552197 45.21016
0.6552197 45.21016
0.6744505 46.53709
0.6744505 46.53709
0.1057501 7.29676
0.1057501 7.29676
0.1057501 7.29676
0.05019456 3.463425
0.05019456 3.463425
-0.1559193 -10.75843
-0.17515 -12.08535
-0.7492153 -51.69585
-0.7492153 -51.69585
-0.6475204 -44.67891
-0.6475204 -44.67891
-0.6475204 -44.67891
-0.6845575 -47.23447
-0.6845575 -47.23447
-0.6845575 -47.23447
-0.6845575 -47.23447
-0.6845575 -47.23447
-0.6845575 -47.23447
-0.5828626 -40.21752
-0.5828626 -40.21752
-0.1296296 -8.944443
-0.1296296 -8.944443
-0.1296296 -8.944443
-0.0925926 -6.388889
-0.0925926 -6.388889
-0.0925926 -6.388889
-0.0925926 -6.388889
0 0.0
0.01923078 1.326924
0.01923078 1.326924
0.01923078 1.326924
0.01923078 1.326924
0.01923078 1.326924
0.01923078 1.326924
0.1497253 10.33104
0.1497253 10.33104
0.1497253 10.33104
0.1881868 12.98489
0.1881868 12.98489
0.1881868 12.98489
0.3489012 24.07418
0.3489012 24.07418
0.07692307 5.307692
0.07692307 5.307692
0.05840456 4.029915
0.007557034 0.5214354
0.007557034 0.5214354
-0.3700564 -25.5339
-0.3700564 -25.5339
-0.3700564 -25.5339
-0.3700564 -25.5339
-0.388575 -26.81167
-0.388575 -26.81167
-0.388575 -26.81167
-0.49027 -33.82863
-0.49027 -33.82863
-0.49027 -33.82863
-0.4394225 -30.32015
-0.4394225 -30.32015
-0.4394225 -30.32015
