-0.3750727 -15.00291 -0.0 0
-0.4050238 -16.20095 -0.0 0
-0.5626544 -22.50618 -0.0 0
-0.5626544 -22.50618 -0.0 0
-0.5626544 -22.50618 -0.0 0
-0.5626544 -22.50618 -0.0 0
-0.7603635 -30.41454 -0.0 0
-0.9894821 -39.57928 -0.0 0
-0.9894821 -39.57928 -0.0 0
-0.9894821 -39.57928 -0.0 0
-1.099596 -43.98382 -0.0 0
-1.15558 -46.22318 -0.0 0
-1.15558 -46.22318 -0.0 0
-1.15558 -46.22318 -0.0 0
-1.15558 -46.22318 -0.0 0
-1.095613 -43.82454 -0.0 0
-1.095613 -43.82454 -0.0 0
-0.9558002 -38.23201 -0.0 0
-0.8756701 -35.0268 -0.0 0
-0.8756701 -35.0268 -0.0 0
-0.8756701 -35.0268 -0.0 -9.650069
0.6739341 26.95736 0.0 14.75498
0.6739341 26.95736 0.0 16.7673
0.9808462 39.23385 0.0 20.75295
1.14817 45.92682 0.0 23.19763
1.14817 45.92682 0.0 23.19763
2.15612 86.24481 0.0 30.49918
2.15612 86.24481 0.0 33.1116
2.213775 88.55099 0.0 33.49811
2.213775 88.55099 0.0 33.71849
2.213775 88.55099 0.0 37.59853
2.234049 89.36195 0.0 38.46387
2.234049 89.36195 0.0 30.8148
2.234049 89.36195 0.0 30.64071
2.234049 89.36195 0.0 30.64071
2.234049 89.36195 0.0 37.51731
2.289326 91.57303 0.0 38.14016
1.533351 61.33405 0.0 22.5008
1.46043 58.41719 0.0 21.11729
1.353728 54.1491 0.0 20.15275
1.353728 54.1491 0.0 20.03953
1.135808 45.43233 0.0 5.167822
-1.089585 -43.58339 -0.0 -15.85186
-1.014791 -40.59163 -0.0 -17.93831
-1.014791 -40.59163 -0.0 -19.33373
-1.014791 -40.59163 -0.0 -19.33373
-1.447661 -57.90643 -0.0 -40.32203
-2.130712 -85.22849 -0.0 -38.10518
-2.130712 -85.22849 -0.0 -38.8334
-2.130712 -85.22849 -0.0 -38.61766
-2.186177 -87.44708 -0.0 -39.32918
-2.186177 -87.44708 -0.0 -39.5104
-1.695455 -67.81821 -0.0 -34.92892
-1.56133 -62.45319 -0.0 -33.7367
-1.48887 -59.55479 -0.0 -33.09261
-1.48887 -59.55479 -0.0 -33.27748
-0.6938694 -27.75477 -0.0 -22.09774
-0.6938694 -27.75477 -0.0 -19.79752
-0.6938694 -27.75477 -0.0 -19.14933
-0.6938694 -27.75477 -0.0 -18.20086
-0.6655371 -26.62148 -0.0 -17.94902
-0.4653721 -18.61489 -0.0 -11.80594
-0.5441022 -21.76409 -0.0 4.821946
-0.5441022 -21.76409 -0.0 4.160783
-0.5441022 -21.76409 -0.0 4.183898
-0.5441022 -21.76409 -0.0 4.183898
-1.389866 -55.59463 -0.0 0.4241829
-1.364022 -54.56087 -0.0 6.740137
-1.364022 -54.56087 -0.0 6.740137
-1.504297 -60.17188 -0.0 5.537374
-2.119925 -84.79702 -0.0 0.4840293
-2.175682 -87.02728 -0.0 0.07667716
-2.175682 -87.02728 -0.0 -4.198701
-2.13522 -85.40878 -0.0 -5.017615
-2.13522 -85.40878 -0.0 -5.682197
-2.13522 -85.40878 -0.0 -5.651147
-2.170243 -86.80972 -0.0 -13.05082
-2.170243 -86.80972 -0.0 -12.97911
-2.224612 -88.98447 -0.0 -13.45708
-2.224612 -88.98447 -0.0 -13.45708
-2.025135 -81.00539 -0.0 -9.978697
-1.962262 -78.49049 -0.0 -13.15947
-2.005897 -80.23589 -0.0 -12.85094
-2.005897 -80.23589 -0.0 -12.92194
-2.005897 -80.23589 -0.0 -12.85094
-0.8671378 -34.68551 -0.0 -2.370903
-0.8671378 -34.68551 -0.0 4.646471
-0.8091293 -32.36517 -0.0 4.905127
-0.6856252 -27.42501 -0.0 5.996876
-0.6856252 -27.42501 -0.0 7.236877
-0.5683317 -22.73327 -0.0 13.79194
-0.5683317 -22.73327 -0.0 14.36738
-0.5683317 -22.73327 -0.0 14.36738
-0.5386428 -21.54571 -0.0 14.27108
-0.5386428 -21.54571 -0.0 14.19179
-0.7473107 -29.89243 -0.0 10.28081
-0.7473107 -29.89243 -0.0 12.64829
-1.059915 -42.39661 -0.0 9.815052
-1.059915 -42.39661 -0.0 10.29566
-1.059915 -42.39661 -0.0 10.35286
-1.814483 -72.5793 -0.0 1.872462
-1.838446 -73.53784 -0.0 1.106736
-1.815373 -72.61493 -0.0 1.693546
-1.815373 -72.61493 -0.0 1.693546
-1.815373 -72.61493 -0.0 1.693546
-1.813939 -72.55756 -0.0 -8.463026
-1.813939 -72.55756 -0.0 -8.369513
-1.789787 -71.59148 -0.0 -8.716956
-1.789787 -71.59148 -0.0 -9.814772
-1.671005 -66.8402 -0.0 -8.758931
0.4051229 16.20492 0.0 8.652929
0.5772742 23.09097 0.0 10.1269
0.5772742 23.09097 0.0 10.18316
0.8702805 34.81122 0.0 12.52376
0.9504587 38.01835 0.0 13.23646
1.260877 50.43507 0.0 17.85056
1.411526 56.46105 0.0 19.08364
1.268637 50.74547 0.0 20.69824
1.268637 50.74547 0.0 20.81387
1.268637 50.74547 0.0 20.69824
1.416152 56.64608 0.0 28.71675
1.335627 53.4251 0.0 28.05811
1.335627 53.4251 0.0 28.00889
1.361611 54.46445 0.0 28.08384
1.361611 54.46445 0.0 28.08384
1.361611 54.46445 0.0 35.04055
1.612576 64.50304 0.0 30.62807
1.475652 59.02609 0.0 29.18828
2.27458 90.98322 0.0 29.69401
2.216726 88.66902 0.0 28.2744
2.429115 97.1646 0.0 17.59993
2.411265 96.45058 0.0 15.94774
2.411265 96.45058 0.0 15.86154
2.411265 96.45058 0.0 13.32743
2.297687 91.90747 0.0 9.842762
2.39709 95.88361 0.0 9.988688
2.39709 95.88361 0.0 8.664299
2.448541 97.94165 0.0 10.37279
2.448541 97.94165 0.0 10.3161
2.743247 109.7299 0.0 10.77341
2.605148 104.2059 0.0 10.45272
2.605148 104.2059 0.0 11.09964
2.779553 111.1821 0.0 12.69385
2.811207 112.4483 0.0 12.7437
2.082837 83.31346 0.0 5.317791
2.082837 83.31346 0.0 5.293397
2.125893 85.03571 0.0 4.488014
1.809119 72.36477 0.0 2.915559
1.809119 72.36477 0.0 -5.207958
1.632469 65.29877 0.0 -5.251742
1.488774 59.55097 0.0 -8.452498
1.488774 59.55097 0.0 -8.245724
1.514924 60.59696 0.0 -8.056994
1.514924 60.59696 0.0 -8.056994
0.5660331 22.64132 0.0 -15.47847
0.5660331 22.64132 0.0 -16.27606
0.5660331 22.64132 0.0 -16.27606
0.3999526 15.9981 0.0 -18.20968
0.3999526 15.9981 0.0 -18.20968
-0.7849894 -31.39958 -0.0 -31.53731
-0.8431365 -33.72546 -0.0 -30.65142
-0.8431365 -33.72546 -0.0 -30.82266
-0.8431365 -33.72546 -0.0 -32.20169
-0.8431365 -33.72546 -0.0 -32.48306
-1.097284 -43.89136 -0.0 -28.26774
-1.097284 -43.89136 -0.0 -28.26774
-1.053792 -42.15167 -0.0 -28.10771
-1.053792 -42.15167 -0.0 -25.4481
-1.053792 -42.15167 -0.0 -25.4481
-0.2231273 -8.925093 -0.0 -16.49419
-0.2231273 -8.925093 -0.0 -15.2169
-0.06358682 -2.543473 -0.0 -13.87585
-0.005413964 -0.2165586 -0.0 -13.51412
0.0247934 0.9917358 0.0 -13.24561
0.9580827 38.32331 0.0 3.44659
1.037439 41.49754 0.0 4.144224
1.037439 41.49754 0.0 4.144224
1.037439 41.49754 0.0 5.604272
0.2891411 11.56565 0.0 -0.8170431
0.3180804 12.72322 0.0 9.697316
-0.1798943 -7.19577 -0.0 5.8307
-0.1798943 -7.19577 -0.0 5.8307
-0.09583615 -3.833446 -0.0 6.569674
1.185689 47.42757 0.0 14.95908
1.029308 41.17231 0.0 18.69531
1.029308 41.17231 0.0 18.59315
1.000882 40.03529 0.0 18.06307
0.9252416 37.00966 0.0 17.3981
-0.128632 -5.145279 -0.0 6.821455
-0.128632 -5.145279 -0.0 0.8307281
-0.04879846 -1.951938 -0.0 1.532561
-0.3843408 -15.37363 -0.0 -2.819815
-0.4142795 -16.57118 -0.0 -3.594422
-0.3981766 -15.92706 -0.0 -3.104367
-0.4269889 -17.07956 -0.0 -12.31175
-0.4269889 -17.07956 -0.0 -13.01713
-0.4269889 -17.07956 -0.0 -13.01713
-0.2683428 -10.73371 -0.0 -11.60694
0.08413873 3.365549 0.0 -1.457795
0.08413873 3.365549 0.0 -1.663585
0.08413873 3.365549 0.0 1.877568
0.08413873 3.365549 0.0 1.877568
0.08413873 3.365549 0.0 1.279821
0.1938372 7.753487 0.0 -5.877642
0.1938372 7.753487 0.0 -4.950937
0.1938372 7.753487 0.0 -4.969342
0.1140739 4.562957 0.0 -5.274696
0.02995117 1.198047 0.0 -5.305425
-0.2543973 -10.17589 -0.0 -0.7425258
-0.3423845 -13.69538 -0.0 -1.262007
-0.3423845 -13.69538 -0.0 -1.733349
-0.3423845 -13.69538 -0.0 0.2477125
-0.3423845 -13.69538 -0.0 0.4260445
-0.6273997 -25.09599 -0.0 -1.363409
-0.6273997 -25.09599 -0.0 -1.187619
-0.6273997 -25.09599 -0.0 -1.187619
-0.4703747 -18.81499 -0.0 -0.2571011
-0.4703747 -18.81499 -0.0 -1.197226
-0.1163261 -4.653046 -0.0 -1.425528
-0.05817396 -2.326958 -0.0 -1.012001
-0.05817396 -2.326958 -0.0 -1.012001
-0.05817396 -2.326958 -0.0 -1.012001
-0.05817396 -2.326958 -0.0 -1.012001
0.1682113 6.728451 0.0 -0.2277858
0.1682113 6.728451 0.0 -0.2277858
0.2521515 10.08606 0.0 0.5183496
0.2521515 10.08606 0.0 1.227356
0.2521515 10.08606 0.0 1.975114
0.7785411 31.14164 0.0 9.232968
0.7785411 31.14164 0.0 10.01945
0.7785411 31.14164 0.0 10.01945
0.8367246 33.46898 0.0 10.53952
0.8367246 33.46898 0.0 10.48097
-0.4073492 -16.29397 -0.0 1.564803
-0.4073492 -16.29397 -0.0 1.564803
-0.4073492 -16.29397 -0.0 1.564803
-0.4073492 -16.29397 -0.0 0.4481812
-0.4905484 -19.62194 -0.0 -0.1434576
-0.9475933 -37.90373 -0.0 -5.911233
-0.9475933 -37.90373 -0.0 -6.296774
-0.7759809 -31.03923 -0.0 -5.104404
-0.7759809 -31.03923 -0.0 -5.104404
-0.7759809 -31.03923 -0.0 -5.104404
-0.2034654 -8.138618 -0.0 -2.643034
-0.2034654 -8.138618 -0.0 -2.643034
-0.2034654 -8.138618 -0.0 -3.239943
-0.2034654 -8.138618 -0.0 -3.239943
-0.2034654 -8.138618 -0.0 -3.239943
-0.05705542 -2.282217 -0.0 -5.942019
-0.05705542 -2.282217 -0.0 -5.942019
-0.05705542 -2.282217 -0.0 -5.942019
-0.05705542 -2.282217 -0.0 -6.355769
-0.0872542 -3.490168 -0.0 -6.570516
0.3789181 15.15672 0.0 5.591234
0.1070762 4.283046 0.0 2.960722
-0.1162328 -4.649311 -0.0 1.675491
-0.1162328 -4.649311 -0.0 1.675491
-0.1162328 -4.649311 -0.0 2.154335
-0.1959933 -7.839731 -0.0 4.948807
-0.6976586 -27.90635 -0.0 1.4866
-0.6197392 -24.78957 -0.0 0.9258761
-0.648171 -25.92684 -0.0 0.7573912
-0.648171 -25.92684 -0.0 0.7573912
-0.1453871 -5.815486 -0.0 0.3441677
-0.1453871 -5.815486 -0.0 0.3441677
-0.1453871 -5.815486 -0.0 0.3441677
-0.1453871 -5.815486 -0.0 0.3441677
