0.8530219 34.12088 17.06044 0.0
0.8530219 34.12088 34.12088 0.0
0.8530219 34.12088 51.18132 0.0
0.8530219 34.12088 68.24175 0.0
0.8530219 34.12088 85.30219 0.0
0.8021744 32.08698 101.3457 -0.0
0.8021744 32.08698 117.3892 -0.0
0.8021744 32.08698 133.4327 -0.0
0.7829436 31.31775 149.0915 -0.0
0.4299537 17.19815 157.6906 -0.0
0.2774113 11.09645 163.2388 -0.0
0.2238399 8.953595 167.7156 -0.0
0.2046092 8.184366 171.8078 -0.0
0.1490536 5.962145 174.7889 -0.0
-0.6027694 -24.11078 162.7335 -0.0
-0.658325 -26.333 149.567 -0.0
-0.658325 -26.333 136.4005 -0.0
-0.6074774 -24.2991 124.2509 -0.0
-1.29096 -51.63841 98.43172 -0.0
-1.189265 -47.57062 74.64641 -0.0
-1.189265 -47.57062 50.8611 -0.0
-1.300377 -52.01507 24.85357 -0.0
-1.300377 -52.01507 -1.153965 -0.0
-0.8392858 -33.57143 -17.93968 0.0
-0.8392858 -33.57143 -34.7254 0.0
-0.8392858 -33.57143 -51.51111 0.0
-0.8392858 -33.57143 -68.29683 0.0
-0.7857142 -31.42857 -84.01112 0.0
-0.7857142 -31.42857 -99.7254 0.0
-0.6754085 -27.01634 -113.2336 0.0
-0.6754085 -27.01634 -126.7417 0.0
-0.6754085 -27.01634 -140.2499 0.0
-0.6754085 -27.01634 -153.7581 0.0
-1.000216 -40.00862 -173.7624 -0.0
-1.000216 -40.00862 -193.7667 -0.0
-0.94466 -37.7864 -212.6599 -0.0
-1.094478 -43.77914 -234.5495 -0.0
-1.094478 -43.77914 -256.439 -0.0
-1.869784 -74.79135 -293.8347 -0.0
-1.869784 -74.79135 -331.2304 -0.0
-1.908246 -76.32982 -369.3953 -0.0
-1.908246 -76.32982 -400 -0.0
-1.889727 -75.58908 -400 -0.0
-2.538292 -101.5317 -400 -0.0
-2.538292 -101.5317 -400 -0.0
-2.538292 -101.5317 -400 -0.0
-2.58914 -103.5656 -400 -0.0
-2.58914 -103.5656 -400 -0.0
-2.58914 -103.5656 -400 -0.0
-2.787822 -111.5129 -400 -0.0
-2.787822 -111.5129 -400 -0.0
-2.80634 -112.2536 -400 -0.0
-2.80634 -112.2536 -400 -0.0
-2.80634 -112.2536 -400 -0.0
-2.770234 -110.8094 -400 0.0
-2.770234 -110.8094 -400 0.0
-2.823805 -112.9522 -400 -0.0
-2.76825 -110.73 -400 0.0
-2.76825 -110.73 -400 0.0
-2.76825 -110.73 -400 0.0
-2.093733 -83.74933 -400 0.0
-2.093733 -83.74933 -400 0.0
-2.055272 -82.21086 -400 0.0
-2.055272 -82.21086 -400 0.0
-2.055272 -82.21086 -400 0.0
-1.851882 -74.07528 -400 0.0
-1.087074 -43.48296 -400 0.0
-0.7819893 -31.27957 -400 0.0
-0.7819893 -31.27957 -400 0.0
-0.7435277 -29.74111 -400 0.0
-0.8036411 -32.14565 -400 0.0
-0.8036411 -32.14565 -400 0.0
-0.8036411 -32.14565 -400 -0.0
-0.9643556 -38.57422 -400 -0.0
-0.9643556 -38.57422 -400 -0.0
-0.8887363 -35.54945 -400 -0.0
-1.0 -40.0 -400 -0.0
-1.40678 -56.27119 -400 -0.0
-1.40678 -56.27119 -400 -0.0
-1.40678 -56.27119 -400 -0.0
-1.351224 -54.04897 -400 -0.0
0.04890376 1.956151 -399.0219 0.0
0.04890376 1.956151 -398.0438 0.0
0.2796731 11.18692 -392.4504 0.0
0.2796731 11.18692 -386.8569 0.0
0.5847579 23.39031 -375.1617 0.0
1.173128 46.92512 -351.6992 0.0
1.173128 46.92512 -328.2366 0.0
1.154609 46.18437 -305.1444 0.0
1.154609 46.18437 -282.0522 0.0
0.9623016 38.49207 -262.8062 0.0
3.153846 126.1539 -199.7293 0.0
3.153846 126.1539 -136.6523 0.0
3.153846 126.1539 -73.57542 0.0
3.153846 126.1539 -10.4985 0.0
3.153846 126.1539 52.57843 0.0
0.6703296 26.81318 65.98502 -0.0
0.7087912 28.35165 80.16084 -0.0
0.7087912 28.35165 94.33667 -0.0
0.7087912 28.35165 108.5125 -0.0
0.7087912 28.35165 122.6883 -0.0
0.2237613 8.950453 127.1635 -0.0
0.1847401 7.389605 130.8583 -0.0
0.2232017 8.928068 135.3224 -0.0
-0.0310356 -1.241424 134.7017 -0.0
-0.0310356 -1.241424 134.081 -0.0
-0.5522038 -22.08815 123.0369 -0.0
-0.5522038 -22.08815 111.9928 -0.0
-0.5522038 -22.08815 100.9487 -0.0
-0.5872567 -23.49027 89.20361 -0.0
-0.6195857 -24.78343 76.81189 -0.0
-0.6195857 -24.78343 64.42017 -0.0
-0.6195857 -24.78343 52.02846 -0.0
-0.6195857 -24.78343 39.63675 -0.0
-0.6704332 -26.81733 26.22808 -0.0
-0.04051113 -1.620445 25.41786 0.0
-0.02199262 -0.879705 24.978 0.0
-0.04122341 -1.648936 24.15354 0.0
0.1194908 4.779632 26.54335 0.0
0.1194908 4.779632 28.93317 0.0
-0.5010312 -20.04125 18.91254 -0.0
-0.5010312 -20.04125 8.891918 -0.0
-0.5010312 -20.04125 -1.128706 -0.0
-0.8340508 -33.36203 -17.80972 -0.0
-0.6609738 -26.43895 -31.0292 -0.0
0.2306942 9.227767 -26.41531 0.0
0.2306942 9.227767 -21.80143 0.0
0.2842658 11.37063 -16.11611 0.0
0.2842658 11.37063 -10.4308 0.0
0.2842658 11.37063 -4.745483 0.0
0.2650349 10.6014 0.5552149 0.0
0.03634143 1.453657 1.282043 -0.0
0.03634143 1.453657 2.008872 -0.0
-0.1162012 -4.648046 -0.3151512 -0.0
-0.1162012 -4.648046 -2.639174 -0.0
-0.03641176 -1.45647 -3.36741 -0.0
-0.03641176 -1.45647 -4.095645 -0.0
-0.05493045 -2.197218 -5.194254 -0.0
-0.05493045 -2.197218 -6.292863 0.0
-0.05493045 -2.197218 -7.391472 0.0
-0.1092141 -4.368563 -9.575753 -0.0
-0.1092141 -4.368563 -11.76003 -0.0
-0.1092141 -4.368563 -13.94432 -0.0
-0.05836654 -2.334661 -15.11165 -0.0
-0.1126504 -4.506016 -17.36465 -0.0
-0.0467205 -1.86882 -18.29906 0.0
-0.0467205 -1.86882 -19.23347 0.0
-0.0467205 -1.86882 -20.16788 0.0
-0.0467205 -1.86882 -21.10229 0.0
