0 0 0
0 0 0
0 0 0
1 0 0
1 0 0
1 0 0
1 0 0
2 0 0
2 0 0
2 0 0
3 0 0
3 0 0
3 0 0
4 0 0
4 0 0
4 0 0
4 0 0
5 0 0
5 0 0
5 0 0
5 0 0
28 1 10
28 1 10
28 1 10
28 1 10
29 1 10
29 1 10
29 1 10
30 1 10
30 2 10
30 2 10
31 2 10
31 2 10
31 2 10
31 2 10
32 2 10
32 2 17
32 2 17
32 2 17
33 2 17
33 2 17
33 2 17
72 10 108
72 10 108
72 10 108
73 10 108
73 10 108
73 11 108
74 11 108
74 11 108
74 11 108
75 11 108
75 12 108
75 12 108
76 12 108
76 12 108
77 12 124
77 12 124
77 12 124
78 12 124
78 12 124
79 13 124
79 13 124
117 24 244
118 24 244
118 24 244
119 25 244
119 25 244
119 25 244
119 25 244
120 25 244
120 26 244
121 26 244
122 26 244
122 26 257
122 26 257
123 26 257
123 26 257
123 27 257
162 39 311
163 39 311
163 39 311
164 40 311
164 40 311
164 40 311
165 40 311
165 41 311
166 41 311
166 41 311
167 41 311
167 41 320
167 41 320
168 41 320
168 42 320
168 42 320
207 55 334
208 55 334
208 55 334
209 56 334
209 56 334
209 56 334
210 56 334
210 56 334
211 56 334
211 56 334
212 56 334
212 56 332
212 56 332
213 56 332
213 57 332
213 57 332
252 70 336
253 70 336
253 70 336
254 70 336
254 70 336
254 70 336
255 70 336
256 72 336
256 72 336
256 72 336
257 72 341
257 72 341
258 72 341
258 72 341
258 72 341
259 72 341
298 86 346
298 86 346
298 87 346
299 87 346
299 87 346
299 87 346
300 87 346
300 88 346
301 88 346
302 88 346
302 88 344
302 88 344
303 88 344
303 89 344
303 89 344
342 102 353
343 102 353
343 103 353
344 103 353
344 103 353
344 103 353
345 103 353
345 104 353
346 104 353
346 104 353
347 104 353
347 104 354
348 104 354
348 105 354
348 105 354
388 118 354
388 118 354
388 119 354
389 119 354
389 119 354
389 119 354
390 119 354
390 120 354
391 120 354
391 120 354
392 120 356
392 120 356
393 121 356
393 121 356
393 121 356
432 133 343
433 133 343
433 134 343
434 134 343
434 134 343
435 134 343
436 134 343
436 135 343
437 135 343
437 135 343
437 135 343
438 135 343
438 136 343
438 136 343
478 150 363
478 151 363
478 151 363
479 151 363
479 151 363
479 151 363
480 151 363
480 151 363
481 151 363
481 151 363
482 151 359
482 151 359
483 151 359
483 152 359
484 152 359
523 166 352
524 166 352
524 166 352
524 166 352
525 166 352
526 167 352
526 167 352
527 167 352
527 167 353
527 167 353
528 168 353
528 168 353
528 168 353
567 181 348
568 181 348
568 182 348
613 196 345
613 197 345
613 197 345
614 197 345
614 197 345
614 197 345
615 197 345
615 197 345
616 198 345
616 198 345
617 198 345
617 198 346
618 198 346
618 198 346
618 198 346
658 211 343
658 212 343
659 212 343
659 212 343
659 212 343
660 212 343
660 212 343
661 213 343
661 213 343
662 213 343
662 213 343
663 213 343
663 215 343
663 215 343
703 228 345
703 229 345
703 229 345
704 229 345
704 229 345
705 229 345
705 229 345
706 229 345
706 230 345
706 230 345
707 230 351
707 230 351
708 230 351
708 230 351
708 230 351
748 243 355
748 245 355
748 245 355
749 245 355
749 245 355
749 245 355
750 245 355
751 245 355
751 245 355
752 246 355
752 246 357
753 247 357
753 247 357
753 247 357
793 260 360
793 261 360
793 261 360
794 261 360
794 261 360
794 261 360
795 261 360
795 261 360
796 261 360
796 261 360
797 261 355
797 261 355
798 262 355
798 262 355
798 262 355
838 275 347
838 276 347
838 276 347
839 276 347
839 276 347
839 276 347
840 276 347
840 276 347
841 276 347
842 277 347
842 277 351
842 277 351
843 278 351
843 278 351
843 278 351
883 293 352
883 293 352
883 293 352
884 293 352
884 293 352
885 293 352
885 293 352
886 293 352
887 294 352
887 294 354
887 294 354
888 295 354
888 295 354
889 295 354
927 310 368
928 310 368
928 310 368
929 310 368
929 310 368
929 310 368
930 310 368
930 310 368
931 310 368
932 311 368
932 311 366
932 312 366
933 312 366
933 312 366
934 312 366
973 324 355
973 325 355
973 325 355
974 325 355
974 325 355
974 325 355
975 325 355
975 325 355
976 325 355
976 326 355
977 326 354
977 326 354
978 327 354
978 327 354
1018 341 347
1018 341 347
1019 341 347
1019 341 347
1019 341 347
1020 341 347
1021 341 347
1022 341 347
1022 341 341
1022 341 341
1023 342 341
1023 342 341
1023 342 341
1063 356 346
1063 356 346
1064 356 346
1064 356 346
1064 356 346
1065 356 346
1065 356 346
1066 356 346
1066 357 346
1067 357 346
1067 358 343
1068 358 343
1068 358 343
1107 372 355
1108 373 355
1108 373 355
1109 373 355
1109 373 355
1109 373 355
1110 373 355
1110 373 355
1112 373 355
1112 374 360
1113 374 360
1113 375 360
1113 375 360
1153 389 354
1153 389 354
1153 389 354
1154 389 354
1154 389 354
1154 389 354
1155 389 354
1155 389 354
1156 389 354
1157 389 354
1157 389 351
1158 390 351
1158 390 351
1158 390 351
1197 404 359
1198 404 359
1198 404 359
1199 404 359
1199 404 359
1200 404 359
1200 404 359
1201 404 359
1202 405 359
1202 406 355
1203 406 355
1203 406 355
1203 406 355
1204 406 355
1243 421 351
1243 421 351
1244 421 351
1244 421 351
1244 421 351
1245 421 351
1245 421 351
1246 421 351
1247 421 351
1247 422 351
1248 422 351
1248 422 351
1248 422 351
1288 435 351
1288 435 351
1288 435 351
1289 435 351
1289 435 351
1289 435 351
1290 435 351
1290 435 351
1292 435 351
1292 436 341
1292 437 341
1293 437 341
1293 437 341
1294 437 341
1333 452 361
1333 452 361
1334 452 361
1334 452 361
1334 452 361
1335 452 361
1336 452 361
1336 452 361
1337 452 361
1337 453 362
1338 454 362
1338 454 362
1338 454 362
1377 468 350
1378 468 350
1378 468 350
1379 468 350
1379 468 350
1379 468 350
1380 468 350
1381 468 350
1382 468 350
1382 470 354
1382 470 354
1383 470 354
1383 470 354
1384 470 354
1423 483 340
1423 483 340
1423 483 340
1424 483 340
1424 483 340
1425 483 340
1425 483 340
1426 483 340
1427 483 340
1427 484 340
1428 485 340
1428 485 340
1428 485 340
1467 500 352
1468 500 352
1468 500 352
1469 500 352
1469 500 352
1469 500 352
1470 500 352
1471 500 352
1471 500 352
1472 500 352
1472 501 352
1473 501 352
1473 501 352
1474 501 352
1513 516 347
1514 516 347
1514 516 347
1514 516 347
1515 516 347
1515 516 347
1516 516 347
1517 516 347
1517 517 358
1518 517 358
1518 517 358
1518 517 358
1557 532 352
1558 532 352
1558 532 352
1559 532 352
1559 532 352
1559 532 352
1560 532 352
1561 532 352
1562 532 352
1562 534 362
1563 534 362
1563 534 362
1563 534 362
1602 548 368
1603 548 368
1603 548 368
1604 548 368
1604 548 368
1605 548 368
1605 548 368
1605 548 368
1606 548 368
1607 548 368
1607 549 351
1608 549 351
1608 549 351
1609 549 351
1647 564 357
1648 564 357
1648 564 357
1649 564 357
1649 564 357
1650 564 357
1650 564 357
1651 564 357
1652 564 357
1652 566 357
1653 566 357
1653 566 357
1653 566 357
1692 580 355
1693 580 355
1693 580 355
1694 580 355
1694 580 355
1694 580 355
1695 580 355
1695 580 355
1696 580 355
1697 580 355
1697 582 363
1698 582 363
1698 582 363
1699 582 363
1738 597 376
1738 597 376
1738 597 376
1739 597 376
1739 597 376
1740 597 376
1740 597 376
1741 597 376
1742 597 376
1742 598 361
1743 599 361
1743 599 361
1743 599 361
1782 612 362
1783 612 362
1783 612 362
1784 612 362
1784 612 362
1785 612 362
1785 612 362
1786 612 362
1787 612 362
1787 613 364
1787 614 364
1788 614 364
1789 614 364
1789 614 364
1828 628 340
1828 628 340
1829 628 340
1829 628 340
1829 628 340
1830 628 340
1830 628 340
1831 628 340
1832 628 340
1832 629 330
1833 629 330
1833 629 330
1833 629 330
1834 629 330
1873 644 356
1873 644 356
1874 644 356
1874 644 356
1874 644 356
1875 644 356
1876 644 356
1876 644 356
1877 644 356
1877 645 354
1878 645 354
1879 645 354
1879 645 354
1918 659 352
1918 660 352
1918 660 352
1919 660 352
1919 660 352
1919 660 352
1920 660 352
1921 660 352
1922 660 352
1922 661 359
1922 663 359
1923 663 359
1923 663 359
1924 663 359
2008 691 352
2009 691 352
2009 691 352
2010 691 352
2010 691 352
2011 691 352
2012 691 352
2012 691 346
2013 692 346
2013 692 346
2014 692 346
2052 704 332
2053 704 332
2053 704 332
2054 706 332
2054 706 332
2055 706 332
2055 706 332
2056 706 332
2056 706 332
2057 708 346
2058 708 346
2058 708 346
2058 708 346
2059 708 346
2098 721 347
2098 722 347
2098 722 347
2099 722 347
2099 722 347
2100 722 347
2100 722 347
2101 722 347
2102 723 347
2102 723 349
2103 723 349
2103 723 349
